38 Sea Zone  (4173,2192)  (4125,2239)  (4125,2191)  (4220,2240)  (4173,2144)  (4221,2146)  (4123,2143)  (4268,2194)  (4268,2242)  (4316,2197)  (4316,2245)  | overflowToLeft=false
99 Sea Zone  (2742,1514)  (2790,1516)  (2807,1392)  (2838,1472)  (2838,1520)  (2855,1374)  (2855,1422)  (2886,1473)  (2886,1521)  (2999,1522)  | overflowToLeft=false
Western Ukraine  (2977,753)  (3026,753)  (3075,758)  (2971,865)  (2973,811)  (3021,868)  (3072,864)  (3115,847)  (3113,806)  (3118,761)  | overflowToLeft=false
84 Sea Zone  (1470,2431)  (1422,2478)  (1422,2430)  (1517,2479)  (1470,2383)  (1518,2383)  (1518,2431)  (1420,2382)  (1469,2526)  (1421,2526)  (1374,2478)  (1374,2430)  (1565,2479)  (1565,2527)  (1517,2527)  (1373,2527)  (1468,2335)  (1516,2335)  (1564,2335)  (1566,2383)  (1566,2431)  (1372,2382)  (1372,2334)  (1420,2334)  (1469,2574)  (1421,2574)  (1592,2575)  (1544,2575)  (1373,2575)  (1468,2287)  (1516,2287)  (1564,2287)  (1352,2286)  (1400,2286)  (1496,2622)  (1448,2622)  (1592,2623)  (1544,2623)  (1400,2623)  (1352,2623)  (1448,2239)  (1496,2239)  (1544,2239)  (1592,2239)  (1352,2238)  (1400,2238)  (1496,2670)  (1448,2670)  (1592,2671)  (1544,2671)  (1400,2671)  (1352,2671)  | overflowToLeft=false
Paraguay  (874,2300)  (921,2333)  (970,2326)  (991,2273)  (882,2249)  (925,2214)  | overflowToLeft=false
Kazakhstan  (3676,1154)  (3679,1202)  (3725,1239)  (3773,1237)  (3822,1234)  (3855,1183)  (3859,1133)  (3860,1081)  (3816,1067)  (3762,1083)  (3709,1096)  (3660,1105)  (3610,1103)  (3618,1152)  (3623,1202)  (3570,1247)  (3622,1250)  (3670,1250)  (3585,1295)  (3632,1297)  (3681,1297)  (3728,1290)  (3774,1285)  (3822,1281)  (3872,1279)  (3870,1233)  (3873,1328)  (3820,1328)  (3768,1334)  (3771,1380)  (3820,1378)  (3872,1378)  (3773,1429)  (3819,1428)  (3867,1425)  (3780,1474)  (3825,1470)  (3872,1472)  (3783,1520)  (3829,1517)  | overflowToLeft=false
Syria  (3054,1558)  (3102,1480)  (3150,1479)  (3097,1562)  (3143,1555)  (3180,1526)  (3194,1479)  (3242,1485)  | overflowToLeft=false
Anhwe  (4697,1142)  (4606,1255)  (4639,1304)  (4688,1302)  (4732,1301)  (4766,1255)  (4783,1203)  (4748,1145)  (4701,1086)  (4749,1090)  (4677,1355)  (4727,1352)  (4713,1402)  (4757,1397)  (4798,1080)  | overflowToLeft=false
Solomon Islands  (6109,2441)  (6151,2450)  (6137,2484)  (6179,2489)  | overflowToLeft=false
Yukon Territory  (7505,5)  (7508,56)  (7504,106)  (7505,152)  (7554,179)  (7601,186)  (7644,184)  (7651,133)  (7653,80)  (7553,7)  (7602,9)  (7552,132)  (7600,136)  (7654,14)  | overflowToLeft=false
56 Sea Zone  (5185,2883)  (5137,2930)  (5137,2882)  (5224,2931)  (5185,2835)  (5135,2834)  (5176,2978)  (5128,2978)  (5089,2930)  (5089,2882)  (5250,2979)  (5183,2787)  (5087,2834)  (5087,2786)  (5135,2786)  (5080,2987)  (5231,2776)  (5279,2759)  (5202,3026)  (5154,3026)  (5267,3027)  (5183,2739)  (5104,2738)  (5106,3035)  (5058,3035)  (5327,2731)  (5231,2728)  (5279,2711)  (5369,3068)  (5321,3073)  (5219,3074)  (5171,3074)  (5273,3075)  (5152,2691)  (5123,3083)  (5075,3083)  (5327,2683)  (5200,2680)  (5248,2663)  (5417,3041)  (5417,3089)  (5369,3116)  (5321,3121)  (5225,3122)  (5177,3122)  (5273,3123)  (5129,3131)  (5081,3131)  (5296,2635)  (5344,2635)  (5420,3137)  | overflowToLeft=false
100 Sea Zone  (3079,1217)  (3031,1238)  (3031,1190)  (3127,1199)  (3127,1247)  (3011,1142)  (2983,1260)  (2983,1212)  (3175,1166)  (3175,1214)  (3175,1262)  (3223,1239)  | overflowToLeft=false
Marshall Islands  (6358,1786)  (6362,1832)  (6402,1880)  | overflowToLeft=false
Mali  (1811,1967)  (1856,1987)  (1901,1995)  (1952,1960)  (1953,1910)  (1912,1874)  (1867,1834)  (1820,1835)  (1818,1786)  (1865,1787)  (1998,1937)  (1950,2009)  (1764,1955)  (1710,1955)  (1729,2002)  (1773,2011)  (1820,2031)  (1867,2039)  (1918,2044)  (1995,2037)  (2001,1987)  (2046,1966)  | overflowToLeft=false
9 Sea Zone  (7128,726)  (7080,773)  (7080,725)  (7175,774)  (7128,678)  (7176,678)  (7176,726)  (7078,677)  (7127,821)  (7079,821)  (7223,774)  (7223,822)  (7175,822)  (7126,630)  (7174,630)  (7222,630)  (7224,678)  (7224,726)  (7046,629)  (7127,869)  (7079,869)  (7231,870)  (7183,870)  (7094,582)  (7142,582)  (7190,582)  (7046,581)  (7135,917)  (7087,917)  (7231,918)  (7183,918)  (7094,534)  (7142,534)  (7190,534)  (7046,533)  (7135,965)  (7087,965)  (7231,966)  (7183,966)  (7094,486)  (7142,486)  (7190,486)  (7046,485)  (7135,1013)  (7231,1014)  (7183,1014)  (7135,1061)  (7231,1062)  (7183,1062)  | overflowToLeft=false
Kamchatka  (6249,106)  (6201,106)  (6150,107)  (6151,61)  (6149,14)  (6135,149)  (6184,154)  (6235,151)  (6296,136)  (6345,116)  (6396,97)  (6444,78)  (6444,32)  (6490,0)  (6492,48)  (6501,96)  (6550,75)  (6548,27)  (6599,44)  (6704,1)  (6096,196)  (6054,238)  (6006,260)  (6053,285)  (6003,310)  (6750,4)  | overflowToLeft=false
13 Sea Zone  (6911,1159)  (6863,1206)  (6863,1158)  (6958,1207)  (6911,1111)  (6959,1111)  (6959,1159)  (6861,1110)  (6910,1254)  (6862,1254)  (7006,1207)  (7006,1255)  (6958,1255)  (6909,1063)  (6957,1063)  (7005,1063)  (7007,1111)  (7007,1159)  (6816,1062)  (7053,1017)  (6910,1302)  (6862,1302)  (7054,1207)  (7054,1255)  (7054,1303)  (7006,1303)  (6958,1303)  (7055,1065)  (7055,1113)  | overflowToLeft=false
115 Sea Zone  (2692,245)  (2692,409)  (2692,457)  | overflowToLeft=false
Malaya  (4400,2290)  (4433,2330)  (4471,2364)  (4517,2360)  (4538,2399)  | overflowToLeft=false
Argentina  (776,2579)  (824,2577)  (872,2577)  (788,2626)  (835,2622)  (796,2673)  (841,2668)  (797,2721)  (844,2736)  (911,2538)  (945,2526)  (897,2488)  (895,2440)  (900,2393)  (948,2379)  (849,2405)  (802,2406)  (762,2404)  (770,2353)  (818,2353)  (870,2353)  (779,2303)  (826,2303)  (848,2446)  (798,2451)  (815,2260)  (846,2781)  | overflowToLeft=false
28 Sea Zone  (7517,1793)  (7469,1840)  (7469,1792)  (7564,1841)  (7517,1745)  (7565,1745)  (7565,1793)  (7467,1744)  (7516,1888)  (7468,1888)  (7421,1840)  (7421,1792)  (7612,1841)  (7612,1889)  (7564,1889)  (7420,1889)  (7515,1697)  (7563,1697)  (7611,1697)  (7613,1745)  (7613,1793)  (7419,1744)  (7419,1696)  (7467,1696)  (7516,1936)  (7468,1936)  (7656,1937)  (7608,1937)  (7420,1937)  (7515,1649)  (7563,1649)  (7611,1649)  (7384,1648)  (7432,1648)  (7560,1984)  (7512,1984)  (7656,1985)  (7608,1985)  (7464,1985)  (7416,1985)  (7480,1601)  (7528,1601)  (7576,1601)  (7624,1601)  (7384,1600)  (7432,1600)  (7560,2032)  (7512,2032)  (7656,2033)  (7608,2033)  (7464,2033)  (7416,2033)  | overflowToLeft=false
British Columbia  (7496,408)  (7547,400)  (7596,401)  (7646,395)  (7661,344)  (7658,299)  (7658,252)  (7612,244)  (7565,240)  (7519,247)  (7483,325)  (7673,432)  | overflowToLeft=false
Buyant-Uhaa  (4818,679)  | overflowToLeft=false
94 Sea Zone  (2134,1434)  (2086,1481)  (2086,1433)  (2181,1482)  (2134,1386)  (2182,1414)  (2084,1385)  (2229,1462)  | overflowToLeft=false
Olgiy  (4211,589)  (4211,589)  | overflowToLeft=false
46 Sea Zone  (5834,2332)  (5786,2351)  (5786,2303)  (5834,2284)  (5882,2284)  (5882,2332)  (5772,2255)  (5820,2236)  (5868,2236)  (5973,2458)  (5854,2502)  (6007,2506)  (6021,2458)  | overflowToLeft=false
125 Sea Zone  (2283,50)  (2235,97)  (2235,49)  (2330,98)  (2283,2)  (2331,2)  (2331,50)  (2233,1)  (2187,144)  (2187,96)  (2378,98)  (2379,0)  (2379,48)  (2185,48)  (2185,0)  | overflowToLeft=false
Johnston Island  (6863,1861)  (6915,1845)  | overflowToLeft=false
Western Germany  (2265,923)  (2315,926)  (2361,927)  (2409,900)  (2406,853)  (2358,876)  (2309,877)  (2264,874)  (2266,823)  (2314,825)  (2360,825)  (2407,801)  (2405,751)  (2417,701)  (2367,685)  (2318,689)  (2321,640)  (2366,626)  (2414,656)  | overflowToLeft=false
Eastern Iran  (3580,1786)  (3628,1783)  (3674,1778)  (3582,1832)  (3629,1831)  (3676,1824)  (3538,1659)  (3585,1658)  (3634,1655)  (3577,1611)  (3628,1610)  (3669,1577)  (3620,1562)  (3578,1562)  (3657,1523)  (3579,1882)  (3630,1877)  (3638,1925)  | overflowToLeft=false
Finland  (2736,294)  (2742,244)  (2789,240)  (2715,157)  (2720,108)  (2761,155)  (2718,62)  (2739,14)  | overflowToLeft=false
Sumatra  (4489,2512)  (4380,2434)  (4338,2404)  (4292,2376)  (4482,2559)  (4529,2579)  (4530,2529)  | overflowToLeft=false
23 Sea Zone  (6070,1579)  (6022,1626)  (6022,1578)  (6117,1627)  (6070,1531)  (6118,1531)  (6118,1579)  (6020,1530)  (6069,1674)  (6021,1674)  (5974,1626)  (5974,1578)  (6165,1627)  (6165,1675)  (6117,1675)  (5973,1675)  (6068,1483)  (6116,1483)  (6164,1483)  (6166,1531)  (6166,1579)  (5972,1530)  (5972,1482)  (6020,1482)  (6069,1722)  (6021,1722)  (6196,1723)  (6148,1723)  (5973,1723)  (6068,1435)  (6116,1435)  (6164,1435)  (5966,1434)  (6014,1434)  (6100,1770)  (6052,1770)  (6196,1771)  (6148,1771)  (6004,1771)  | overflowToLeft=false
41 Sea Zone  (4253,2577)  (4205,2624)  (4205,2576)  (4300,2625)  (4253,2529)  (4301,2529)  (4301,2577)  (4203,2528)  (4252,2672)  (4204,2672)  (4157,2624)  (4157,2576)  (4348,2625)  (4348,2673)  (4300,2673)  (4156,2673)  (4251,2481)  (4299,2481)  (4347,2481)  (4349,2529)  (4349,2577)  (4155,2528)  (4155,2480)  (4203,2480)  (4395,2435)  (4252,2720)  (4204,2720)  (4109,2625)  (4109,2577)  (4396,2625)  (4396,2673)  (4396,2721)  (4348,2721)  (4300,2721)  (4156,2721)  (4108,2721)  (4108,2673)  (4251,2433)  (4299,2433)  (4347,2433)  (4397,2483)  (4397,2531)  (4107,2529)  (4107,2481)  (4107,2433)  (4155,2432)  (4203,2432)  (4443,2421)  (4444,2579)  (4444,2627)  (4444,2675)  (4444,2723)  | overflowToLeft=false
Southern France  (2004,1090)  (1973,1128)  (1961,1167)  (2011,1174)  (2056,1175)  (2103,1173)  (2157,1128)  (2165,1078)  (2150,1175)  (2230,1245)  | overflowToLeft=false
64 Sea Zone  (186,1723)  (138,1770)  (138,1722)  (233,1771)  (186,1675)  (234,1675)  (234,1723)  (136,1674)  (185,1818)  (137,1818)  (90,1770)  (90,1722)  (281,1771)  (281,1819)  (233,1819)  (89,1819)  (184,1627)  (232,1627)  (280,1627)  (282,1675)  (282,1723)  (88,1674)  (88,1626)  (136,1626)  (328,1581)  (185,1866)  (137,1866)  (42,1771)  (42,1723)  (329,1771)  (329,1819)  (329,1867)  (281,1867)  (233,1867)  (89,1867)  (41,1867)  (41,1819)  (184,1579)  (232,1579)  (280,1579)  (330,1629)  (330,1677)  (40,1675)  (40,1627)  (40,1579)  (88,1578)  (136,1578)  (328,1533)  (376,1533)  (376,1581)  (185,1914)  (137,1914)  | overflowToLeft=false
Northern Italy  (2211,1155)  (2212,1109)  (2215,1059)  (2261,1146)  (2298,1180)  (2321,1217)  (2369,1202)  (2349,1158)  (2374,1111)  (2375,1064)  (2231,1309)  (2422,1066)  | overflowToLeft=false
Western Australia  (5348,2814)  (5303,2817)  (5257,2838)  (5302,2948)  (5351,2943)  (5397,2940)  (5418,2893)  (5419,2846)  (5397,2800)  (5351,2762)  (5323,2995)  (5366,2990)  (5415,2982)  (5331,3043)  (5377,3038)  | overflowToLeft=false
Paulau Island  (5614,2071)  (5614,2118)  | overflowToLeft=false
76 Sea Zone  (3207,2433)  (3159,2480)  (3159,2432)  (3254,2481)  (3207,2385)  (3255,2385)  (3255,2433)  (3157,2384)  (3206,2528)  (3158,2528)  (3111,2480)  (3111,2432)  (3302,2481)  (3302,2529)  (3254,2529)  (3205,2337)  (3253,2337)  (3301,2337)  (3303,2385)  (3303,2433)  (3063,2463)  (3245,2289)  (3293,2289)  (3242,2241)  (3290,2241)  (3190,2229)  (3238,2193)  (3286,2193)  (3307,2145)  (3068,2101)  | overflowToLeft=false
110 Sea Zone  (2044,705)  (1996,726)  (2117,632)  (1948,765)  (1948,717)  (2120,584)  (2168,581)  (1900,742)  (1900,694)  (2117,536)  (2165,533)  (2216,542)  (2216,590)  (1852,740)  (1852,692)  | overflowToLeft=false
Madagascar  (3101,2898)  (3148,2867)  (3199,2860)  (3246,2848)  (3256,2798)  (3167,3010)  (3117,3007)  (3066,3006)  (3053,3056)  (3106,3053)  (3154,3056)  (3066,3101)  (3117,3101)  (3264,2759)  | overflowToLeft=false
4 Sea Zone  (6345,277)  (6297,324)  (6297,276)  (6392,325)  (6345,229)  (6393,229)  (6393,277)  (6295,228)  (6344,372)  (6296,372)  (6249,324)  (6249,276)  (6440,325)  (6440,373)  (6392,373)  (6248,373)  (6343,181)  (6391,181)  (6439,181)  (6441,229)  (6441,277)  (6247,228)  (6279,180)  (6451,133)  | overflowToLeft=false
15 Sea Zone  (6608,750)  (6560,797)  (6560,749)  (6655,798)  (6608,702)  (6656,702)  (6656,750)  (6558,701)  (6607,845)  (6559,845)  (6512,797)  (6512,749)  (6703,798)  (6703,846)  (6655,846)  (6511,846)  (6606,654)  (6654,654)  (6702,654)  (6704,702)  (6704,750)  (6510,701)  (6510,653)  (6558,653)  (6607,893)  (6559,893)  (6736,894)  (6688,894)  (6511,894)  (6606,606)  (6654,606)  (6702,606)  (6510,605)  (6558,605)  (6640,941)  (6592,941)  (6736,942)  (6688,942)  (6544,942)  | overflowToLeft=false
Libya  (2225,1760)  (2271,1783)  (2311,1801)  (2362,1808)  (2413,1808)  (2443,1759)  (2444,1715)  (2393,1662)  (2347,1642)  (2299,1623)  (2388,1708)  (2387,1752)  (2444,1667)  | overflowToLeft=false
Nenetsia  (3273,78)  (3312,127)  (3360,145)  (3412,141)  (3458,127)  (3487,79)  (3487,28)  (3437,3)  (3387,2)  (3337,2)  (3286,2)  (3235,0)  (3228,47)  (3333,193)  (3381,192)  (3362,241)  (3507,126)  (3536,78)  (3535,28)  (3583,5)  (3585,51)  (3584,99)  (3633,53)  (3631,3)  (3676,1)  | overflowToLeft=false
South Australia  (5472,2891)  (5471,2935)  (5673,2901)  (5470,2984)  (5673,2949)  (5721,2891)  (5724,2939)  (5702,2994)  (5741,2987)  (5717,3036)  | overflowToLeft=false
21 Sea Zone  (5459,1414)  (5459,1462)  (5459,1510)  (5459,1558)  (5459,1606)  (5459,1654)  (5459,1702)  (5459,1750)  (5507,1414)  (5507,1462)  (5507,1510)  (5507,1558)  (5507,1606)  (5507,1654)  (5507,1702)  (5507,1750)  (5555,1414)  (5555,1462)  (5555,1510)  (5555,1558)  (5555,1606)  (5555,1654)  (5555,1702)  (5555,1750)  (5603,1414)  (5603,1462)  (5603,1510)  (5603,1558)  (5603,1606)  (5603,1654)  (5603,1702)  (5603,1750)  (5651,1592)  (5651,1706)  (5651,1754)  (5675,1640)  (5699,1688)  (5699,1736)  | overflowToLeft=false
Bosnia  (2572,1190)  (2538,1142)  (2584,1139)  | overflowToLeft=false
Sweden  (2445,376)  (2489,375)  (2534,371)  (2582,366)  (2455,422)  (2500,419)  (2544,418)  (2475,467)  (2521,466)  (2546,273)  (2589,272)  (2565,226)  (2608,227)  (2592,177)  (2639,180)  (2649,136)  (2657,228)  | overflowToLeft=false
Kansu  (4105,746)  (4102,902)  (4053,901)  (4026,850)  (4028,802)  (4057,754)  (4098,699)  (4149,703)  (4155,748)  (4203,728)  (4203,776)  (4203,822)  (4151,903)  (4203,872)  (4251,753)  (4252,799)  (4251,845)  (4201,921)  (4002,896)  (3979,845)  (3958,941)  (4007,944)  (4055,947)  (4103,950)  (4151,952)  (4009,991)  (4058,996)  (4106,997)  (4153,998)  (4299,798)  | overflowToLeft=false
97 Sea Zone  (2567,1439)  (2519,1486)  (2519,1438)  (2614,1487)  (2567,1391)  (2615,1395)  (2517,1390)  (2662,1474)  (2565,1343)  (2539,1295)  (2486,1255)  (2445,1207)  | overflowToLeft=false
Siberia  (5653,70)  (5652,116)  (5654,162)  (5702,169)  (5748,167)  (5795,165)  (5838,163)  (5840,113)  (5839,69)  (5835,23)  (5786,22)  (5739,21)  (5689,21)  (5639,22)  (5589,23)  (5535,21)  (5484,22)  (5483,72)  (5538,70)  (5592,71)  (5483,119)  (5536,118)  (5585,119)  (5462,169)  (5512,166)  (5564,166)  (5653,210)  (5701,215)  (5753,213)  (5603,200)  (5837,210)  (5890,198)  (5886,148)  (5888,106)  (5887,58)  (5887,9)  (5936,8)  (5935,54)  (5937,99)  (5936,145)  (5937,191)  (5982,158)  (5984,107)  (5984,59)  (5985,9)  (6034,8)  (6032,55)  (6032,103)  (6034,149)  | overflowToLeft=false
Poland  (2669,690)  (2670,736)  (2666,782)  (2665,828)  (2713,828)  (2759,831)  (2717,687)  (2808,831)  | overflowToLeft=false
92 Sea Zone  (1920,1452)  (1872,1499)  (1951,1500)  (1959,1404)  (1968,1452)  (2007,1385)  (1824,1518)  (2016,1433)  (2016,1481)  | overflowToLeft=false
18 Sea Zone  (5598,1309)  (5550,1356)  (5550,1308)  (5645,1357)  (5646,1263)  (5502,1365)  (5502,1317)  (5502,1269)  (5693,1311)  (5693,1359)  (5694,1263)  (5741,1311)  (5741,1359)  (5742,1263)  | overflowToLeft=false
Bulgaria  (2757,1145)  (2805,1149)  (2760,1247)  (2809,1250)  (2856,1243)  (2853,1156)  (2900,1243)  (2897,1201)  (2900,1155)  | overflowToLeft=false
Tunisia  (2166,1606)  (2211,1603)  (2184,1652)  (2230,1650)  (2259,1598)  (2262,1552)  (2226,1516)  | overflowToLeft=false
117 Sea Zone  (1251,303)  (1203,350)  (1203,302)  (1298,351)  (1251,255)  (1299,255)  (1299,303)  (1201,254)  (1250,398)  (1202,398)  (1346,351)  (1346,399)  (1298,399)  (1249,207)  (1297,207)  (1345,207)  (1347,255)  (1347,303)  (1170,206)  (1250,446)  (1202,446)  (1363,447)  (1315,447)  (1218,159)  (1266,159)  (1314,159)  (1362,159)  (1170,158)  | overflowToLeft=false
Java  (4645,2576)  (4771,2609)  (4812,2621)  (4854,2626)  (4900,2631)  (4941,2635)  (4988,2626)  | overflowToLeft=false
51 Sea Zone  (7309,2224)  (7309,2272)  (7309,2320)  (7309,2368)  (7309,2416)  (7309,2464)  (7309,2512)  (7309,2560)  (7309,2608)  (7309,2656)  (7357,2224)  (7357,2272)  (7357,2320)  (7357,2368)  (7357,2416)  (7357,2464)  (7357,2512)  (7357,2560)  (7357,2608)  (7357,2656)  (7384,2141)  (7405,2189)  (7405,2237)  (7405,2285)  (7405,2333)  (7405,2381)  (7405,2429)  (7405,2477)  (7405,2525)  (7405,2643)  (7405,2691)  (7432,2141)  (7453,2189)  (7453,2237)  (7453,2285)  (7453,2333)  (7453,2381)  (7453,2429)  (7453,2477)  (7453,2525)  (7453,2634)  (7453,2682)  (7480,2141)  (7501,2189)  (7501,2237)  (7501,2285)  (7501,2333)  (7501,2381)  (7501,2429)  (7501,2477)  (7501,2525)  (7501,2642)  (7501,2690)  | overflowToLeft=false
54 Sea Zone  (5997,2680)  (5949,2702)  (5949,2654)  (6044,2728)  (5997,2632)  (6045,2632)  (6045,2680)  (5922,2606)  (6092,2728)  (6092,2776)  (6044,2776)  (5970,2584)  (6018,2584)  (6066,2584)  (6093,2632)  (6093,2680)  (6114,2581)  (5874,2598)  (6140,2728)  (6140,2776)  (6140,2824)  (6092,2824)  (6141,2629)  (6141,2677)  (5781,2586)  (5775,2634)  | overflowToLeft=false
48 Sea Zone  (6326,2002)  (6326,2050)  (6326,2098)  (6326,2146)  (6326,2194)  (6326,2242)  (6374,2002)  (6374,2050)  (6374,2098)  (6374,2146)  (6374,2194)  (6374,2242)  (6422,2002)  (6422,2050)  (6422,2098)  (6422,2158)  (6422,2206)  (6422,2254)  (6470,2002)  (6470,2050)  (6470,2168)  (6470,2216)  (6470,2264)  (6506,2098)  (6518,2002)  (6518,2050)  (6518,2146)  (6518,2194)  (6518,2242)  (6554,2098)  (6566,2002)  (6566,2050)  (6566,2146)  (6566,2194)  (6566,2242)  | overflowToLeft=false
89 Sea Zone  (229,1106)  (233,1154)  (248,1202)  (281,1151)  (296,1199)  (428,1341)  (444,1293)  (463,1211)  (476,1341)  (492,1277)  (522,1536)  (524,1328)  (538,1475)  (547,1376)  (547,1424)  (570,1523)  (572,1328)  (586,1472)  (595,1376)  (595,1424)  (618,1520)  (634,1472)  (643,1371)  (643,1419)  (651,1211)  (682,1467)  (691,1335)  (691,1383)  (699,1211)  (730,1431)  (730,1479)  (733,1259)  (747,1211)  (778,1393)  (778,1441)  (778,1489)  (788,1537)  (795,1211)  (826,1414)  (826,1462)  (836,1510)  (851,1254)  (865,1302)  (874,1426)  (884,1474)  (884,1522)  (913,1292)  (913,1340)  (922,1426)  (932,1505)  (961,1292)  (961,1340)  | overflowToLeft=false
Kenya  (2864,2367)  (2816,2376)  (2775,2423)  (2773,2470)  (2821,2487)  (2867,2496)  (2765,2519)  (2718,2487)  (2762,2373)  (2915,2399)  (2961,2407)  (2958,2452)  (2916,2498)  (2962,2501)  (2887,2546)  (2936,2546)  (2975,2580)  | overflowToLeft=false
123 Sea Zone  (1365,1)  (1365,49)  (1413,1)  (1413,49)  (1461,52)  (1621,96)  (1631,1)  | overflowToLeft=false
Kweichow  (4350,1378)  (4346,1421)  (4390,1453)  (4436,1446)  (4481,1449)  (4523,1421)  (4523,1376)  (4523,1337)  (4479,1331)  (4432,1330)  (4383,1329)  (4331,1331)  (4342,1467)  (4389,1499)  (4572,1420)  (4572,1371)  (4570,1325)  (4621,1391)  | overflowToLeft=false
43 Sea Zone  (4887,2180)  (4839,2227)  (4934,2228)  (4935,2167)  (4886,2275)  (4838,2275)  (4982,2215)  (4982,2263)  (4934,2276)  (4983,2167)  (4790,2279)  (5015,2311)  (4886,2323)  (4838,2323)  (5030,2215)  (5030,2263)  (4967,2324)  (5031,2167)  (4790,2327)  (4919,2371)  (4871,2371)  (4999,2372)  (4823,2375)  (4951,2419)  (4903,2419)  (4999,2420)  (4855,2423)  (4807,2423)  | overflowToLeft=false
Sicily  (2356,1437)  (2404,1436)  (2401,1480)  | overflowToLeft=false
128 Sea Zone  (3503,1318)  (3535,1366)  (3464,1270)  (3554,1414)  (3496,1222)  (3544,1185)  (3574,1462)  (3526,1462)  | overflowToLeft=false
Mauritania  (1615,1837)  (1665,1845)  (1707,1888)  (1754,1899)  (1754,1849)  (1760,1795)  (1767,1746)  (1809,1724)  | overflowToLeft=false
Bryansk  (3165,811)  (3207,808)  (3168,761)  (3172,712)  (3218,697)  (3264,694)  (3295,741)  (3312,788)  (3257,810)  (3208,855)  (3259,858)  (3308,692)  | overflowToLeft=false
Tsinghai  (3978,1192)  (4023,1193)  (4070,1193)  (4117,1171)  (4120,1130)  (4121,1082)  (4077,1071)  (4034,1070)  (3988,1072)  (3941,1096)  (3935,1143)  (3928,1190)  (3930,1235)  (3973,1236)  (4019,1242)  (4068,1241)  (4115,1232)  (4171,1135)  (3938,1045)  (4167,1083)  | overflowToLeft=false
26 Sea Zone  (6567,1363)  (6567,1411)  (6567,1459)  (6567,1507)  (6567,1555)  (6567,1603)  (6567,1651)  (6615,1363)  (6615,1411)  (6615,1459)  (6615,1507)  (6615,1555)  (6615,1603)  (6615,1651)  (6663,1363)  (6663,1411)  (6663,1459)  (6663,1507)  (6663,1555)  (6663,1603)  (6663,1651)  (6711,1393)  (6711,1441)  (6711,1489)  (6711,1537)  (6711,1585)  (6711,1633)  (6759,1363)  (6759,1415)  (6759,1463)  (6759,1511)  (6759,1559)  (6759,1607)  (6759,1655)  (6807,1468)  (6807,1516)  (6807,1564)  (6807,1612)  (6807,1660)  (6823,1363)  (6855,1536)  (6855,1584)  (6855,1632)  (6871,1363)  (6873,1411)  (6903,1539)  (6903,1587)  (6903,1635)  (6919,1363)  (6921,1411)  (6939,1459)  | overflowToLeft=false
7 Sea Zone  (6255,544)  (6207,591)  (6207,543)  (6302,592)  (6255,496)  (6303,496)  (6303,544)  (6205,495)  (6254,639)  (6206,639)  (6159,591)  (6159,543)  (6350,592)  (6350,640)  (6302,640)  (6158,640)  (6253,448)  (6301,448)  (6349,448)  (6351,496)  (6351,544)  (6157,495)  (6157,447)  (6205,447)  (6397,430)  (6111,592)  (6111,544)  (6398,592)  (6398,640)  (6110,685)  (6399,478)  (6399,526)  (6109,496)  (6109,448)  (6445,430)  (6446,574)  (6446,622)  (6446,670)  (6447,478)  (6447,526)  | overflowToLeft=false
Israel  (2979,1716)  (3031,1730)  (3073,1717)  (3086,1671)  (3028,1610)  (3076,1630)  (3117,1619)  | overflowToLeft=false
2 Sea Zone  (6840,183)  (6887,231)  (6839,231)  (6813,135)  (6813,87)  (6861,86)  (6824,38)  | overflowToLeft=false
Western United States  (7498,581)  (7498,531)  (7497,479)  (7544,472)  (7590,471)  (7642,471)  (7647,519)  (7649,566)  (7643,615)  (7592,629)  (7540,630)  (7490,629)  (7445,675)  (7494,676)  (7543,675)  (7593,678)  (7644,668)  (7455,729)  (7504,729)  (7552,727)  (7603,724)  (7651,720)  | overflowToLeft=false
Central America  (381,1415)  (428,1382)  (475,1381)  (464,1493)  (510,1493)  (471,1541)  (499,1579)  (541,1601)  (613,1624)  (518,1425)  | overflowToLeft=false
Myanmar  (4316,1932)  (4336,1882)  (4383,1874)  (4426,1872)  (4388,1827)  (4433,1824)  (4417,1779)  (4268,2054)  (4316,2052)  (4280,2101)  (4329,2100)  (4350,2143)  (4370,2193)  (4367,2237)  (4416,2242)  | overflowToLeft=false
Gibraltar  (1758,1457)  (1786,1460)  | overflowToLeft=false
Cyprus  (2933,1501)  (2977,1499)  | overflowToLeft=false
35 Sea Zone  (5094,1827)  (5094,1875)  (5094,1923)  (5094,1971)  (5094,2019)  (5094,2109)  (5094,2157)  (5142,1827)  (5142,1875)  (5142,1923)  (5142,1971)  (5142,2099)  (5142,2147)  (5190,2057)  (5190,2105)  (5190,2153)  (5238,2144)  (5254,1912)  (5260,1827)  (5286,2174)  (5302,1875)  (5302,1923)  (5308,1827)  (5334,2174)  (5339,1971)  (5342,2019)  (5350,1875)  (5350,1923)  (5356,1827)  (5365,2067)  (5368,2115)  (5382,2163)  (5387,1971)  (5390,2019)  (5398,1875)  (5398,1923)  (5404,1827)  (5413,2067)  (5416,2115)  (5430,2163)  (5435,1971)  (5438,2019)  (5446,1875)  (5446,1923)  (5452,1827)  (5461,2067)  (5464,2115)  (5478,2163)  (5483,1971)  (5486,2019)  (5494,1875)  (5494,1923)  | overflowToLeft=false
44 Sea Zone  (5368,2255)  (5320,2302)  (5320,2254)  (5414,2303)  (5366,2350)  (5318,2350)  (5272,2302)  (5272,2254)  (5414,2351)  (5270,2352)  (5366,2398)  (5318,2398)  (5224,2304)  (5224,2256)  (5414,2399)  (5270,2400)  (5222,2400)  (5222,2352)  (5176,2304)  (5176,2256)  (5174,2430)  (5174,2382)  (5128,2334)  (5128,2286)  (5128,2238)  (5126,2430)  (5126,2382)  (5080,2334)  (5078,2430)  (5078,2382)  | overflowToLeft=false
81 Sea Zone  (3007,1865)  (3027,1913)  (2986,1817)  (3033,1961)  (2975,1769)  (3045,2009)  | overflowToLeft=false
Smolensk  (3203,560)  (3193,608)  (3244,634)  (3275,585)  (3191,481)  (3193,433)  (3242,430)  (3270,485)  (3281,440)  | overflowToLeft=false
53 Sea Zone  (6210,2582)  (6210,2630)  (6210,2678)  (6210,2726)  (6258,2582)  (6258,2630)  (6258,2678)  (6258,2726)  (6306,2582)  (6306,2630)  (6306,2723)  (6354,2582)  (6354,2630)  (6354,2678)  (6354,2726)  (6402,2582)  (6402,2630)  (6402,2678)  (6439,2726)  (6450,2582)  (6450,2630)  (6450,2678)  (6487,2726)  (6498,2582)  (6498,2630)  (6498,2678)  (6535,2726)  (6546,2582)  (6546,2630)  (6546,2678)  (6583,2726)  (6594,2582)  (6594,2630)  (6594,2678)  (6631,2726)  (6642,2582)  (6642,2630)  (6642,2678)  (6679,2726)  (6690,2582)  (6690,2630)  (6690,2678)  (6727,2726)  (6738,2582)  (6738,2630)  (6738,2678)  (6775,2726)  (6786,2582)  (6786,2630)  (6786,2678)  | overflowToLeft=false
Iceland  (1500,23)  (1544,20)  (1591,17)  (1507,71)  (1553,68)  (1600,64)  | overflowToLeft=false
72 Sea Zone  (2995,2825)  (2995,2873)  (2995,2921)  (2995,2969)  (2995,3017)  (2995,3065)  (2995,3113)  (2995,3161)  (3020,2556)  (3032,2604)  (3034,2775)  (3037,2698)  (3043,2823)  (3043,2871)  (3043,3159)  (3080,2576)  (3080,2624)  (3082,2746)  (3085,2672)  (3091,2794)  (3091,3163)  (3128,2596)  (3130,2720)  (3133,2644)  (3139,2768)  (3139,2816)  (3139,3152)  (3176,2596)  (3178,2692)  (3181,2644)  (3187,2740)  (3187,3119)  (3209,3069)  (3224,2596)  (3226,2692)  (3229,2644)  (3235,3117)  (3239,3015)  (3257,3063)  (3265,2959)  (3272,2596)  (3274,2692)  (3277,2644)  (3283,3111)  (3283,3159)  (3284,2911)  (3287,3007)  (3304,2740)  (3304,2788)  (3305,2857)  (3305,3055)  | overflowToLeft=false
Vietnam Laos Cambodia  (4597,2086)  (4645,2086)  (4693,2077)  (4600,2135)  (4649,2132)  (4696,2127)  (4640,2182)  (4545,1931)  (4590,1931)  (4639,1908)  (4542,1879)  (4590,1877)  (4490,1820)  (4538,1825)  (4586,1826)  (4693,2177)  (4668,2227)  | overflowToLeft=false
Yakut S.S.R.  (4607,153)  (4655,149)  (4702,148)  (4751,146)  (4586,290)  (4634,287)  (4683,283)  (4524,352)  (4571,350)  (4475,380)  (4431,406)  (4480,427)  (4528,407)  (4572,401)  (4622,402)  (4670,396)  (4720,385)  (4802,142)  (4607,103)  (4654,100)  (4698,100)  (4742,97)  (4792,96)  (4842,94)  (4632,51)  (4676,50)  (4722,49)  (4768,48)  (4821,45)  (4644,6)  (4697,5)  (4746,2)  (4793,3)  (4846,6)  | overflowToLeft=false
103 Sea Zone  (1345,984)  (1297,1031)  (1297,983)  (1392,1032)  (1345,936)  (1393,936)  (1393,984)  (1295,935)  (1344,1079)  (1296,1079)  (1249,1031)  (1249,983)  (1440,1032)  (1440,1080)  (1392,1080)  (1248,1080)  (1343,888)  (1391,888)  (1439,888)  (1441,936)  (1441,984)  (1247,935)  (1247,887)  (1295,887)  (1487,842)  (1344,1127)  (1296,1127)  (1488,1032)  (1488,1080)  (1488,1128)  (1440,1128)  (1392,1128)  (1248,1128)  (1343,840)  (1391,840)  (1439,840)  (1489,890)  (1489,938)  (1217,839)  (1265,839)  (1487,794)  (1344,1175)  (1296,1175)  (1508,1176)  (1460,1176)  (1412,1176)  (1248,1176)  (1313,792)  (1361,792)  (1409,792)  (1217,791)  (1265,791)  | overflowToLeft=false
63 Sea Zone  (6447,2989)  (6399,3036)  (6399,2988)  (6494,3037)  (6447,2941)  (6495,2941)  (6495,2989)  (6397,2940)  (6446,3084)  (6398,3084)  (6351,3036)  (6351,2988)  (6542,3037)  (6350,3085)  (6445,2893)  (6493,2893)  (6541,2893)  (6543,2941)  (6543,2989)  (6349,2940)  (6349,2892)  (6397,2892)  (6555,3085)  (6589,2847)  (6452,3132)  (6404,3132)  (6303,3037)  (6303,2989)  (6590,3037)  (6590,3133)  (6356,3133)  (6308,3133)  (6302,3085)  (6445,2845)  (6493,2845)  (6541,2845)  (6591,2895)  (6591,2943)  (6301,2941)  (6301,2893)  (6301,2845)  (6349,2844)  (6397,2844)  (6603,3085)  (6260,3164)  (6637,2810)  (6255,3037)  (6255,2989)  (6638,2991)  (6638,3133)  (6254,3116)  | overflowToLeft=false
Brazil  (1098,1903)  (1146,1903)  (1197,1899)  (1246,1900)  (1290,1930)  (1298,1975)  (1263,2016)  (1231,2065)  (1224,2115)  (1216,2165)  (1198,2213)  (1109,2253)  (1068,2297)  (1063,2341)  (1041,2386)  (1044,2252)  (1005,2213)  (1052,2208)  (1100,2204)  (1146,2185)  (1171,2136)  (1125,2134)  (1078,2143)  (1031,2153)  (979,2164)  (982,2114)  (1030,2105)  (1075,2098)  (1123,2090)  (1169,2086)  (1182,2040)  (1243,1947)  (1195,1944)  (1143,1951)  (1146,1996)  (1196,1991)  (1093,1951)  (1094,1996)  (1125,2038)  (1077,2045)  (1026,2049)  (977,2059)  (972,2005)  (967,1958)  (965,1906)  (965,1856)  (1014,1852)  (1064,1850)  (967,1804)  (918,1779)  (859,1739)  (865,1791)  (911,1829)  (911,1878)  (914,1925)  (865,1927)  (862,1876)  (858,1829)  (814,1778)  (810,1826)  (811,1871)  (817,1916)  (765,1899)  (719,1896)  (675,1895)  (763,1852)  (764,1800)  (1111,1856)  (1159,1854)  | overflowToLeft=false
Iwo Jima  (5887,1209)  (5915,1240)  | overflowToLeft=false
Algeria  (1988,1674)  (2032,1673)  (2084,1671)  (2107,1629)  (2119,1582)  (2122,1536)  (2075,1529)  (2032,1535)  (1988,1547)  (1944,1586)  (1914,1636)  (1936,1680)  (1885,1685)  (1833,1664)  (1899,1738)  (1949,1729)  (1998,1725)  (2049,1722)  (2097,1719)  (2147,1719)  (1946,1781)  (1994,1777)  (2046,1771)  (2097,1767)  (2145,1768)  (1989,1827)  (2036,1823)  (2087,1817)  (2139,1816)  (2040,1871)  (2093,1869)  (2141,1858)  (2193,1818)  | overflowToLeft=false
Midway  (6635,1257)  (6682,1257)  | overflowToLeft=false
Alexandria  (2696,1691)  (2735,1676)  (2784,1669)  (2772,1715)  (2726,1806)  (2771,1796)  (2814,1794)  (2726,1853)  (2768,1844)  (2815,1842)  (2802,1887)  | overflowToLeft=false
112 Sea Zone  (2259,283)  (2290,331)  (2242,331)  (2213,235)  (2261,235)  (2309,233)  (2269,379)  (2221,379)  (2357,192)  (2273,427)  (2225,427)  (2301,475)  (2253,475)  (2291,523)  (2291,571)  | overflowToLeft=false
Sikang  (3934,1328)  (3981,1328)  (4030,1327)  (4079,1321)  (4129,1312)  (4079,1368)  (4069,1419)  (4059,1470)  (3924,1499)  (3972,1498)  (4017,1512)  (3918,1549)  (3967,1547)  (4000,1597)  | overflowToLeft=false
Colombia  (561,1764)  (609,1768)  (607,1805)  (656,1802)  (658,1755)  (708,1718)  (671,1668)  (621,1668)  (576,1715)  (705,1764)  (704,1809)  | overflowToLeft=false
Ecuador  (574,1962)  (554,1912)  (541,1873)  | overflowToLeft=false
Manchuria  (5062,705)  (5107,701)  (5144,702)  (5194,700)  (5238,699)  (5289,696)  (5280,646)  (5285,599)  (5240,570)  (5193,560)  (5145,538)  (5095,544)  (5042,544)  (5018,588)  (5066,589)  (5047,637)  (5015,688)  (5010,739)  (5058,755)  (5106,752)  (5149,751)  (5194,747)  (5239,744)  (5335,706)  (5329,656)  (5333,605)  (5384,603)  (5382,653)  (5382,698)  (5429,601)  | overflowToLeft=false
5 Sea Zone  (5872,333)  (5824,380)  (5824,332)  (5919,381)  (5872,285)  (5920,285)  (5920,333)  (5822,284)  (5776,382)  (5776,334)  (5967,381)  (5968,249)  (5774,286)  (5745,430)  (5716,478)  (6032,382)  (5686,526)  (6080,341)  (6104,252)  (5638,571)  (6128,300)  (6128,348)  (6152,230)  (6176,278)  (6176,326)  (6176,374)  | overflowToLeft=false
16 Sea Zone  (6254,854)  (6206,901)  (6206,853)  (6301,902)  (6254,806)  (6302,806)  (6302,854)  (6204,805)  (6253,949)  (6205,949)  (6158,901)  (6158,853)  (6349,902)  (6349,950)  (6301,950)  (6157,950)  (6252,758)  (6300,758)  (6348,758)  (6350,806)  (6350,854)  (6156,805)  (6156,757)  (6204,757)  (6396,733)  (6253,997)  (6205,997)  (6110,902)  (6110,854)  (6397,902)  (6397,950)  (6397,998)  (6349,998)  (6301,998)  (6157,998)  (6109,998)  (6109,950)  (6398,781)  (6398,829)  (6108,806)  (6108,758)  (6444,733)  (6445,877)  (6445,925)  (6445,973)  (6446,781)  (6446,829)  | overflowToLeft=false
Eastern United States  (511,683)  (560,700)  (606,676)  (647,653)  (690,639)  (732,608)  (778,605)  (510,732)  (557,746)  (605,724)  (647,762)  (600,771)  (490,780)  (462,828)  (507,870)  (556,870)  (459,876)  (603,868)  (649,866)  (475,923)  (519,920)  (566,918)  (613,915)  (471,969)  (519,969)  (567,967)  (487,1017)  (533,1017)  (557,1062)  (569,1109)  (649,815)  | overflowToLeft=false
Chahar  (4631,1033)  (4582,1036)  (4536,1040)  (4518,992)  (4544,945)  (4588,902)  (4631,900)  (4674,922)  (4672,971)  (4646,1078)  (4593,1082)  (4550,1085)  (4482,1044)  (4603,849)  (4648,849)  | overflowToLeft=false
Austria Czechia  (2373,992)  (2421,962)  (2440,1008)  (2487,1022)  (2532,1013)  (2551,965)  (2487,974)  (2562,917)  | overflowToLeft=false
Hopei  (4543,1228)  (4495,1243)  (4451,1240)  (4433,1196)  (4457,1149)  (4479,1101)  (4593,1131)  (4409,1270)  (4590,1183)  | overflowToLeft=false
Tambov  (3321,861)  (3362,887)  (3419,906)  (3466,909)  (3507,905)  (3506,854)  (3504,805)  (3457,791)  (3407,794)  (3360,818)  (3503,755)  | overflowToLeft=false
126 Sea Zone  (2495,21)  (2494,69)  (2543,0)  | overflowToLeft=false
69 Sea Zone  (1829,2972)  (1781,3019)  (1781,2971)  (1876,3020)  (1829,2924)  (1877,2924)  (1877,2972)  (1779,2923)  (1828,3067)  (1780,3067)  (1733,3019)  (1733,2971)  (1924,3020)  (1924,3068)  (1876,3068)  (1732,3068)  (1827,2876)  (1875,2876)  (1923,2876)  (1925,2924)  (1925,2972)  (1731,2923)  (1731,2875)  (1779,2875)  (1971,2830)  (1828,3115)  (1780,3115)  (1972,3020)  (1972,3068)  (1972,3116)  (1924,3116)  (1876,3116)  (1732,3116)  (1827,2828)  (1875,2828)  (1923,2828)  (1973,2878)  (1973,2926)  (1718,2827)  (1766,2827)  (1971,2782)  (1828,3163)  (1780,3163)  (1988,3164)  (1940,3164)  (1892,3164)  (1732,3164)  (1814,2780)  (1862,2780)  (1910,2780)  (1718,2779)  (1766,2779)  | overflowToLeft=false
34 Sea Zone  (5570,1827)  (5570,1875)  (5570,1923)  (5570,1971)  (5570,2019)  (5570,2067)  (5570,2115)  (5570,2163)  (5618,1827)  (5618,1875)  (5618,1923)  (5618,1971)  (5618,2019)  (5618,2135)  (5652,2067)  (5666,1827)  (5666,1875)  (5666,1923)  (5666,1971)  (5666,2019)  (5666,2115)  (5666,2163)  (5700,2067)  (5714,1827)  (5714,1875)  (5714,1923)  (5714,1971)  (5714,2019)  (5714,2115)  (5714,2163)  (5748,2067)  (5762,1827)  (5762,1875)  (5762,1923)  (5762,1971)  (5762,2019)  (5762,2115)  (5762,2163)  (5796,2067)  (5810,1827)  (5810,1875)  (5810,1923)  (5810,1971)  (5810,2019)  (5810,2115)  (5810,2163)  | overflowToLeft=false
Eastern Poland  (2778,703)  (2828,698)  (2879,684)  (2875,800)  (2923,795)  (2876,847)  (2925,843)  (2846,895)  (2896,893)  (2876,935)  (2915,746)  (2921,699)  | overflowToLeft=false
82 Sea Zone  (2082,2433)  (2034,2480)  (2034,2432)  (2129,2481)  (2082,2385)  (2130,2385)  (2130,2433)  (2032,2384)  (2081,2528)  (2033,2528)  (1986,2480)  (1986,2432)  (2177,2481)  (2177,2529)  (2129,2529)  (1985,2529)  (2080,2337)  (2128,2337)  (2176,2337)  (2178,2385)  (2178,2433)  (1984,2384)  (1984,2336)  (2032,2336)  (2081,2576)  (2033,2576)  (1938,2481)  (1938,2433)  (2225,2481)  (2225,2529)  (2225,2577)  (2177,2577)  (2129,2577)  (1985,2577)  (1937,2577)  (1937,2529)  (2080,2289)  (2128,2289)  (2226,2419)  (1936,2385)  (1936,2337)  (1936,2289)  (1984,2288)  (2032,2288)  (2081,2624)  (2033,2624)  (2237,2625)  (2189,2625)  (2141,2625)  (1985,2625)  (1937,2625)  | overflowToLeft=false
Okinawa  (5232,1295)  | overflowToLeft=false
Tsagaan Olom  (4375,666)  | overflowToLeft=false
119 Sea Zone  (1766,262)  (1718,309)  (1718,261)  (1813,310)  (1766,214)  (1814,214)  (1814,262)  (1716,213)  (1725,357)  (1677,357)  (1670,309)  (1670,261)  (1861,310)  (1764,166)  (1812,166)  (1860,166)  (1862,214)  (1862,262)  (1668,213)  (1668,165)  (1716,165)  (1888,358)  (1910,213)  | overflowToLeft=false
New South Wales  (5832,2895)  (5831,2942)  (5875,2971)  (5916,2971)  (5967,2972)  (5970,2925)  (6018,2903)  (5787,2891)  (5783,2937)  (6017,2949)  | overflowToLeft=false
Afghanistan  (3738,1765)  (3706,1722)  (3752,1717)  (3702,1671)  (3749,1669)  (3791,1671)  (3703,1631)  (3749,1629)  (3794,1626)  (3744,1582)  (3791,1582)  | overflowToLeft=false
French Guiana  (1031,1713)  (1018,1759)  (1060,1758)  | overflowToLeft=false
West India  (3806,1963)  (3858,1981)  (3828,1867)  (3870,1870)  (3860,1819)  (3876,1769)  (3788,2013)  (3831,2026)  (3859,2066)  (3866,2110)  | overflowToLeft=false
107 Sea Zone  (1260,598)  (1212,645)  (1212,597)  (1307,646)  (1260,550)  (1308,550)  (1308,598)  (1210,549)  (1259,693)  (1211,693)  (1355,646)  (1355,694)  (1307,694)  (1258,502)  (1306,502)  (1354,502)  (1356,550)  (1356,598)  (1170,501)  | overflowToLeft=false
Scotland  (2017,434)  (1967,433)  (2007,383)  (1940,359)  (1984,340)  (2029,289)  (1936,307)  (1943,164)  (1841,378)  (2027,210)  | overflowToLeft=false
12 Sea Zone  (7207,1229)  (7159,1276)  (7159,1228)  (7254,1277)  (7207,1181)  (7255,1181)  (7255,1229)  (7157,1180)  (7206,1324)  (7158,1324)  (7111,1276)  (7111,1228)  (7302,1277)  (7302,1325)  (7254,1325)  (7110,1325)  (7303,1138)  (7303,1186)  (7109,1180)  (7206,1372)  (7158,1372)  (7336,1373)  (7288,1373)  (7110,1373)  | overflowToLeft=false
113 Sea Zone  (2457,554)  (2409,564)  (2494,602)  (2419,475)  | overflowToLeft=false
1 Sea Zone  (7235,321)  (7187,368)  (7187,320)  (7282,369)  (7235,273)  (7283,273)  (7283,321)  (7185,272)  (7139,402)  (7139,354)  (7330,369)  (7233,225)  (7281,225)  (7329,225)  (7331,273)  (7331,321)  (7137,306)  (7137,258)  (7091,402)  (7091,354)  (7378,369)  (7379,242)  (7379,290)  (7089,306)  (7426,338)  (7426,386)  | overflowToLeft=false
88 Sea Zone  (1187,1648)  (1139,1695)  (1139,1647)  (1234,1696)  (1187,1600)  (1235,1600)  (1235,1648)  (1137,1599)  (1186,1743)  (1138,1743)  (1091,1695)  (1091,1647)  (1282,1696)  (1282,1744)  (1234,1744)  (1283,1583)  (1283,1631)  (1089,1599)  (1043,1657)  (1330,1679)  (1330,1727)  (1331,1583)  (1331,1631)  (1041,1609)  (1378,1679)  (1378,1727)  (1379,1583)  (1379,1631)  (993,1644)  (993,1596)  | overflowToLeft=false
Hainan  (4742,1960)  (4788,1948)  | overflowToLeft=false
79 Sea Zone  (3778,2210)  (3730,2257)  (3730,2209)  (3825,2258)  (3778,2162)  (3826,2162)  (3826,2210)  (3728,2161)  (3777,2305)  (3729,2305)  (3682,2257)  (3682,2209)  (3870,2306)  (3681,2306)  (3776,2114)  (3680,2161)  (3680,2113)  (3728,2113)  (3776,2066)  (3678,2065)  (3726,2065)  (3678,2017)  (3726,2017)  | overflowToLeft=false
Russia  (3338,533)  (3337,483)  (3386,460)  (3385,507)  (3435,481)  (3482,482)  (3528,502)  (3356,630)  (3403,629)  (3451,626)  (3500,623)  (3362,680)  (3410,679)  (3455,674)  (3506,670)  (3362,728)  (3407,727)  (3454,722)  (3512,566)  | overflowToLeft=false
Karelia  (2840,239)  (2888,237)  (2875,285)  (2812,157)  (2793,105)  (2794,57)  (2843,47)  (2842,93)  (2888,91)  (2889,48)  | overflowToLeft=false
Kiangsu  (4821,1276)  (4806,1326)  (4809,1372)  (4851,1412)  (4900,1406)  (4938,1361)  (4952,1313)  (4998,1278)  (5005,1326)  (4951,1408)  (4999,1400)  (5021,1430)  | overflowToLeft=false
Kiangsi  (4803,1507)  (4797,1553)  (4840,1578)  (4880,1590)  (4921,1574)  (4945,1531)  (4962,1480)  (4912,1458)  (4861,1459)  (4811,1460)  (4912,1621)  | overflowToLeft=false
Alaska  (7068,135)  (7117,135)  (7164,124)  (7211,116)  (7259,86)  (7259,38)  (7213,3)  (7162,3)  (7112,5)  (7061,8)  (7015,29)  (7009,72)  (7010,115)  (7016,162)  (6960,112)  (6910,121)  (6910,169)  (6961,162)  (6977,206)  (7016,207)  (7066,184)  (7116,183)  (7168,169)  (7213,159)  (7074,233)  (7034,280)  (7260,135)  (6882,22)  (6929,25)  (6979,3)  (7306,6)  (7352,8)  (7399,9)  (7446,10)  (7306,54)  (7354,54)  (7399,55)  (7446,56)  (7306,103)  (7354,102)  (7400,102)  (7444,103)  (7305,152)  (7350,151)  (7396,151)  (7442,152)  (7436,198)  (7480,219)  (7474,266)  | overflowToLeft=false
Romania  (2719,1043)  (2765,1007)  (2763,1056)  (2813,1089)  (2860,1102)  (2906,1104)  (2911,1057)  (2910,1009)  (2862,981)  (2812,981)  (2952,1120)  | overflowToLeft=false
Hunan  (4620,1535)  (4571,1553)  (4520,1568)  (4474,1584)  (4445,1536)  (4424,1585)  (4523,1613)  (4566,1604)  (4616,1582)  (4666,1543)  (4669,1494)  (4668,1442)  (4718,1466)  (4717,1515)  | overflowToLeft=false
Philippines  (5264,2079)  (5307,2067)  (5210,1847)  (5180,1893)  (5228,1893)  (5207,1937)  (5152,2028)  (5119,2071)  (5252,1941)  (5304,2116)  | overflowToLeft=false
Quebec  (612,550)  (660,549)  (707,549)  (609,502)  (658,501)  (707,500)  (754,500)  (608,454)  (656,450)  (705,450)  (752,448)  (609,402)  (607,349)  (607,299)  (607,250)  (656,249)  (704,246)  (655,296)  (702,294)  (751,293)  (740,343)  (739,392)  (801,477)  (846,467)  (896,459)  (941,448)  | overflowToLeft=false
31 Sea Zone  (6245,1414)  (6245,1462)  (6245,1556)  (6245,1604)  (6245,1652)  (6293,1414)  (6293,1462)  (6293,1560)  (6293,1608)  (6293,1656)  (6320,1510)  (6341,1414)  (6341,1462)  (6341,1558)  (6341,1606)  (6341,1654)  (6368,1510)  (6389,1414)  (6389,1462)  (6389,1558)  (6389,1606)  (6389,1654)  (6416,1510)  (6437,1414)  (6437,1462)  (6437,1558)  (6437,1606)  (6437,1654)  (6464,1510)  (6485,1414)  (6485,1462)  (6485,1558)  (6485,1606)  (6485,1654)  (6512,1510)  | overflowToLeft=false
8 Sea Zone  (6511,304)  (6511,352)  (6511,400)  (6511,448)  (6511,496)  (6559,304)  (6559,352)  (6559,400)  (6559,448)  (6559,496)  (6607,304)  (6607,352)  (6607,400)  (6607,448)  (6607,496)  (6655,304)  (6655,352)  (6655,400)  (6655,448)  (6655,496)  (6703,304)  (6703,352)  (6703,400)  (6703,448)  (6703,496)  (6751,304)  (6751,352)  (6751,400)  (6751,448)  (6751,496)  (6799,304)  (6799,352)  (6799,428)  (6799,476)  (6799,524)  (6847,304)  (6847,352)  (6847,427)  (6847,475)  (6847,523)  (6895,304)  (6895,392)  (6895,440)  (6895,488)  (6943,389)  (6943,437)  (6943,485)  (6991,361)  (6991,409)  (6991,457)  (6991,505)  | overflowToLeft=false
19 Sea Zone  (4998,903)  (5023,1144)  (5039,1192)  (5046,887)  (5046,935)  (5050,1240)  (5067,1288)  (5067,1409)  (5071,1103)  (5076,1336)  (5087,1151)  (5094,849)  (5094,897)  (5094,945)  (5098,1199)  (5115,1247)  (5115,1384)  (5115,1432)  (5119,1072)  (5124,1295)  (5135,1120)  (5142,820)  (5142,868)  (5142,916)  (5142,964)  (5145,1022)  (5146,1168)  (5163,1216)  (5163,1343)  (5163,1391)  (5167,1070)  (5172,1264)  (5183,1118)  (5194,1166)  (5211,1214)  (5211,1331)  (5211,1379)  (5211,1427)  (5215,1068)  (5231,1116)  (5242,1164)  (5259,1212)  (5259,1327)  (5259,1375)  (5259,1423)  (5263,1260)  (5290,1143)  (5307,1191)  (5307,1308)  (5307,1356)  (5307,1404)  | overflowToLeft=false
25 Sea Zone  (6465,1049)  (6465,1097)  (6465,1145)  (6465,1193)  (6465,1241)  (6465,1289)  (6465,1337)  (6513,1018)  (6513,1066)  (6513,1114)  (6513,1162)  (6513,1210)  (6513,1258)  (6513,1306)  (6513,1354)  (6561,1018)  (6561,1066)  (6561,1114)  (6561,1162)  (6561,1210)  (6561,1258)  (6561,1306)  (6609,1018)  (6609,1066)  (6609,1114)  (6609,1162)  (6609,1210)  (6609,1258)  (6609,1306)  (6657,1018)  (6657,1066)  (6657,1114)  (6657,1162)  (6657,1210)  (6657,1298)  (6705,1018)  (6705,1066)  (6705,1114)  (6705,1162)  (6705,1210)  (6705,1258)  (6705,1306)  (6753,1018)  (6753,1066)  (6753,1114)  (6753,1162)  (6753,1210)  (6753,1258)  (6753,1306)  | overflowToLeft=false
Slovakia Hungary  (2739,932)  (2741,884)  (2692,880)  (2642,881)  (2621,930)  (2610,978)  (2598,1024)  (2658,1000)  (2705,977)  (2791,891)  (2789,937)  | overflowToLeft=false
66 Sea Zone  (387,2785)  (339,2832)  (339,2784)  (434,2833)  (387,2737)  (435,2737)  (435,2785)  (337,2736)  (386,2880)  (338,2880)  (291,2832)  (291,2784)  (482,2833)  (482,2881)  (434,2881)  (290,2881)  (385,2689)  (433,2689)  (481,2689)  (483,2737)  (483,2785)  (289,2736)  (289,2688)  (337,2688)  (529,2659)  (386,2928)  (338,2928)  (243,2833)  (243,2785)  (530,2833)  (530,2881)  (530,2929)  (482,2929)  (434,2929)  (290,2929)  (242,2929)  (242,2881)  (531,2707)  (531,2755)  (241,2737)  (241,2689)  (577,2659)  (386,2976)  (338,2976)  (195,2833)  (195,2785)  (578,2803)  (578,2851)  (578,2899)  (578,2947)  (530,2977)  (482,2977)  (434,2977)  (290,2977)  (242,2977)  (194,2977)  (194,2929)  (194,2881)  | overflowToLeft=false
122 Sea Zone  (1188,40)  (1140,87)  (1140,39)  (1235,88)  (1236,0)  (1283,48)  (1283,96)  (1284,0)  | overflowToLeft=false
85 Sea Zone  (1160,2453)  (1112,2500)  (1112,2452)  (1207,2501)  (1160,2405)  (1208,2405)  (1208,2453)  (1110,2404)  (1159,2548)  (1111,2548)  (1064,2500)  (1064,2452)  (1255,2501)  (1255,2549)  (1207,2549)  (1063,2549)  (1158,2357)  (1206,2357)  (1254,2357)  (1256,2405)  (1256,2453)  (1302,2311)  (1159,2596)  (1111,2596)  (1303,2501)  (1303,2549)  (1303,2597)  (1255,2597)  (1207,2597)  (1063,2597)  (1015,2597)  (1015,2549)  (1140,2309)  (1188,2309)  (1236,2309)  (1304,2359)  (1304,2407)  (1284,2263)  | overflowToLeft=false
50 Sea Zone  (6853,2225)  (6853,2273)  (6853,2321)  (6853,2369)  (6853,2417)  (6853,2465)  (6853,2513)  (6853,2561)  (6853,2609)  (6853,2657)  (6853,2705)  (6853,2753)  (6901,2225)  (6901,2273)  (6901,2321)  (6901,2369)  (6901,2417)  (6901,2465)  (6901,2513)  (6901,2561)  (6901,2609)  (6901,2657)  (6901,2705)  (6901,2753)  (6949,2225)  (6949,2273)  (6949,2321)  (6949,2369)  (6949,2417)  (6949,2465)  (6949,2513)  (6949,2561)  (6949,2609)  (6949,2657)  (6949,2705)  (6949,2753)  (6997,2225)  (6997,2273)  (6997,2321)  (6997,2369)  (6997,2417)  (6997,2520)  (6997,2568)  (6997,2616)  (6997,2664)  (6997,2712)  (6997,2760)  (7045,2225)  (7045,2273)  (7045,2321)  (7045,2369)  (7045,2417)  (7045,2527)  (7045,2575)  (7045,2623)  (7045,2671)  (7045,2719)  | overflowToLeft=false
Western Iran  (3513,1601)  (3470,1556)  (3471,1504)  (3423,1489)  (3390,1437)  (3373,1485)  (3371,1530)  (3357,1572)  (3345,1618)  (3349,1664)  (3357,1707)  (3379,1750)  (3414,1794)  (3441,1832)  (3485,1858)  (3531,1878)  (3524,1824)  (3485,1811)  (3430,1730)  (3456,1775)  (3503,1763)  (3501,1714)  (3419,1537)  (3405,1580)  (3453,1599)  (3479,1652)  | overflowToLeft=false
Democratic Republic of Congo  (2510,2526)  (2509,2573)  (2517,2620)  (2564,2620)  (2610,2620)  (2657,2618)  (2665,2571)  (2658,2523)  (2653,2475)  (2605,2477)  (2562,2476)  (2513,2476)  (2477,2440)  (2480,2663)  (2451,2707)  (2397,2726)  (2348,2738)  (2528,2668)  (2576,2670)  (2624,2669)  (2671,2665)  (2542,2718)  (2583,2719)  (2631,2716)  (2679,2710)  (2583,2766)  (2631,2763)  (2681,2759)  (2689,2438)  | overflowToLeft=false
91 Sea Zone  (1556,1512)  (1508,1559)  (1508,1511)  (1603,1560)  (1556,1464)  (1604,1470)  (1506,1463)  (1555,1607)  (1507,1607)  (1460,1559)  (1460,1511)  (1651,1518)  (1651,1566)  (1603,1608)  (1459,1608)  (1554,1416)  (1458,1463)  (1458,1415)  (1506,1415)  (1602,1413)  (1656,1470)  (1657,1614)  (1555,1655)  (1507,1655)  (1699,1518)  (1609,1656)  (1459,1656)  (1554,1368)  (1449,1367)  (1497,1367)  (1704,1465)  (1545,1320)  (1449,1319)  (1497,1319)  (1593,1317)  | overflowToLeft=false
Archangel  (3102,155)  (3092,205)  (3083,256)  (3134,280)  (3184,276)  (3236,270)  (3288,251)  (3289,298)  (3279,344)  (3232,316)  (3187,319)  (3141,327)  (3162,369)  (3208,365)  (3264,203)  (3252,156)  (3204,114)  (3153,115)  (3102,107)  (3037,39)  (3049,84)  (3052,131)  (3003,134)  (3159,64)  | overflowToLeft=false
116 Sea Zone  (996,301)  (948,336)  (948,288)  (1043,349)  (996,253)  (1044,253)  (1044,301)  (900,316)  (900,268)  (1091,349)  (1091,397)  (1043,397)  (1034,205)  (1082,205)  (1092,253)  (1092,301)  (852,268)  (1082,157)  | overflowToLeft=false
Marianas  (5767,1548)  (5770,1590)  (5800,1644)  (5756,1656)  | overflowToLeft=false
Angola  (2403,2900)  (2451,2899)  (2378,2852)  (2361,2803)  (2410,2777)  (2496,2755)  (2529,2797)  (2523,2839)  (2523,2884)  (2495,2932)  (2445,2945)  (2546,2934)  | overflowToLeft=false
124 Sea Zone  (1903,26)  (1855,73)  (1855,25)  (1950,74)  (1951,0)  (1807,96)  (1807,48)  (1807,0)  (1998,48)  (1998,96)  (1999,0)  (1759,96)  (1759,48)  (1759,0)  (2046,48)  (2046,96)  (2047,0)  (1711,96)  (1711,48)  (1711,0)  (2094,48)  (2094,96)  (2095,0)  | overflowToLeft=false
93 Sea Zone  (2063,1259)  (2015,1306)  (2015,1258)  (2110,1307)  (2111,1228)  (1967,1337)  | overflowToLeft=false
Sudan  (2757,1952)  (2863,1952)  (2702,1994)  (2702,2046)  (2748,2055)  (2794,2061)  (2840,2059)  (2884,2005)  (2887,2052)  (2912,1954)  (2963,1940)  (2933,2001)  (2981,1988)  (2936,2049)  (2984,2037)  (2931,2095)  (2838,2108)  (2789,2110)  (2741,2104)  (2692,2094)  (2655,2050)  (2655,1999)  (2703,1950)  (2988,2080)  | overflowToLeft=false
Shantung  (4909,1000)  (4958,998)  (5058,1008)  (5035,1057)  (4985,1040)  (4834,1130)  (4869,1146)  (4912,1152)  (4955,1160)  (4846,1193)  (4886,1198)  (4930,1203)  (4875,1243)  (4976,1204)  (5005,995)  (5107,1019)  | overflowToLeft=false
29 Sea Zone  (7107,1855)  (7107,1903)  (7107,1951)  (7107,1999)  (7107,2047)  (7107,2095)  (7107,2143)  (7155,1855)  (7155,1903)  (7155,1951)  (7155,1999)  (7155,2047)  (7155,2095)  (7155,2143)  (7203,1855)  (7203,1953)  (7203,2001)  (7203,2049)  (7203,2097)  (7203,2145)  (7251,1855)  (7251,1959)  (7251,2007)  (7251,2055)  (7251,2103)  (7251,2151)  (7274,1903)  (7299,1855)  (7299,1951)  (7299,1999)  (7299,2047)  (7299,2095)  (7299,2143)  (7322,1903)  | overflowToLeft=false
Portugal  (1687,1197)  (1669,1299)  (1634,1338)  (1683,1345)  (1656,1388)  (1654,1433)  | overflowToLeft=false
Tanganyika Territory  (2905,2643)  (2923,2690)  (2906,2735)  (2860,2740)  (2809,2739)  (2759,2720)  (2751,2681)  (2752,2640)  (2758,2589)  (2800,2588)  (2847,2589)  (2899,2599)  (2957,2631)  (2969,2677)  (2955,2727)  (2833,2779)  (2999,2730)  | overflowToLeft=false
47 Sea Zone  (5948,2225)  (5948,2273)  (5948,2321)  (5948,2369)  (5996,2225)  (5996,2273)  (6031,2321)  (6044,2225)  (6044,2273)  (6073,2369)  (6079,2321)  (6092,2225)  (6092,2273)  (6121,2369)  (6127,2321)  (6140,2225)  (6140,2273)  (6169,2369)  (6175,2321)  (6188,2225)  (6188,2273)  (6223,2321)  (6236,2225)  (6236,2273)  | overflowToLeft=false
North Korea  (5374,837)  (5217,794)  (5260,791)  (5305,788)  (5354,793)  (5375,752)  (5418,733)  (5450,693)  (5466,650)  (5484,598)  (5514,624)  (5562,620)  | overflowToLeft=false
Greece  (2621,1320)  (2654,1372)  (2700,1374)  (2750,1372)  (2754,1323)  (2803,1305)  (2851,1301)  (2700,1424)  (2748,1419)  (2814,1419)  (2733,1466)  (2768,1500)  | overflowToLeft=false
3 Sea Zone  (6624,168)  (6576,215)  (6576,167)  (6671,216)  (6624,120)  (6672,120)  (6672,168)  (6528,255)  (6528,207)  (6528,159)  (6719,216)  (6650,72)  (6698,72)  (6720,120)  (6720,168)  (6746,65)  (6653,24)  | overflowToLeft=false
Morocco  (1724,1614)  (1771,1615)  (1700,1659)  (1749,1660)  (1672,1707)  (1722,1707)  (1821,1587)  (1869,1610)  (1899,1564)  | overflowToLeft=false
65 Sea Zone  (338,2408)  (290,2455)  (290,2407)  (385,2456)  (338,2360)  (386,2360)  (386,2408)  (288,2359)  (337,2503)  (289,2503)  (242,2455)  (242,2407)  (433,2456)  (433,2504)  (385,2504)  (241,2504)  (336,2312)  (384,2312)  (432,2312)  (434,2360)  (434,2408)  (240,2359)  (240,2311)  (288,2311)  (480,2266)  (337,2551)  (289,2551)  (194,2456)  (194,2408)  (481,2456)  (481,2504)  (481,2552)  (433,2552)  (385,2552)  (241,2552)  (193,2552)  (193,2504)  (336,2264)  (384,2264)  (432,2264)  (482,2314)  (482,2362)  (192,2360)  (192,2312)  (192,2264)  (240,2263)  (288,2263)  (480,2218)  (528,2218)  (528,2266)  (337,2599)  (289,2599)  (146,2456)  (146,2408)  | overflowToLeft=false
60 Sea Zone  (4577,3108)  (4529,3155)  (4529,3107)  (4624,3156)  (4577,3060)  (4625,3060)  (4625,3108)  (4527,3059)  (4481,3164)  (4481,3116)  (4672,3156)  (4673,3050)  (4673,3098)  (4479,3068)  (4433,3164)  (4433,3116)  (4720,3146)  (4721,3050)  (4721,3098)  (4431,3068)  (4385,3164)  (4385,3116)  (4768,3146)  (4769,3050)  (4769,3098)  (4383,3068)  (4337,3164)  (4337,3116)  (4816,3146)  (4817,3050)  (4817,3098)  (4335,3068)  (4289,3164)  (4289,3116)  (4864,3146)  (4865,3050)  (4865,3098)  (4287,3068)  (4912,3146)  (4913,3050)  (4913,3098)  (4960,3146)  (4961,3050)  (4961,3098)  | overflowToLeft=false
Gilbert Islands  (6438,2125)  (6485,2122)  | overflowToLeft=false
Northern Territory  (5522,2687)  (5472,2732)  (5479,2778)  (5525,2806)  (5574,2805)  (5624,2807)  (5669,2806)  (5698,2759)  (5697,2710)  (5649,2670)  (5588,2672)  (5593,2621)  (5641,2618)  (5473,2681)  (5422,2710)  (5475,2831)  (5573,2851)  (5622,2851)  (5668,2853)  (5718,2839)  (5700,2660)  (5693,2601)  | overflowToLeft=false
Iraq  (3163,1651)  (3209,1676)  (3254,1675)  (3169,1603)  (3217,1566)  (3263,1545)  (3314,1493)  (3312,1545)  (3298,1593)  (3292,1647)  (3295,1693)  (3161,1701)  (3203,1725)  (3248,1723)  (3297,1741)  | overflowToLeft=false
Chile  (723,2342)  (731,2292)  (758,2263)  (721,2241)  (723,2190)  (731,2445)  (722,2495)  (718,2543)  (726,2588)  (742,2638)  (704,2643)  (743,2685)  (751,2734)  (761,2781)  (793,2816)  | overflowToLeft=false
Samara  (3584,664)  (3632,662)  (3681,659)  (3565,798)  (3613,795)  (3661,796)  (3569,849)  (3617,846)  (3667,846)  (3578,897)  (3628,892)  (3675,892)  (3724,891)  (3635,942)  (3681,940)  (3728,939)  (3581,614)  (3628,613)  (3675,615)  (3580,566)  (3630,565)  (3679,564)  (3593,516)  (3642,516)  (3690,513)  (3642,991)  (3689,990)  (3739,986)  (3786,986)  (3684,1037)  (3734,1035)  | overflowToLeft=false
106 Sea Zone  (992,638)  (944,685)  (944,637)  (1039,686)  (992,590)  (1040,590)  (1040,638)  (938,564)  (896,731)  (896,683)  (1087,686)  (986,542)  (1034,542)  (1082,542)  (1088,590)  (1088,638)  (884,531)  (932,516)  (980,494)  (1028,494)  (1076,494)  | overflowToLeft=false
Borneo  (4828,2335)  (4843,2380)  (4892,2391)  (4937,2393)  (4969,2347)  (4973,2300)  (4928,2271)  (4977,2251)  (5017,2252)  | overflowToLeft=false
Buryatia  (4839,235)  (4809,285)  (4823,335)  (4875,335)  (4926,332)  (4972,330)  (5012,282)  (5013,235)  (5012,188)  (4962,158)  (4913,157)  (4863,178)  (4782,210)  (4800,385)  (4850,383)  (4901,383)  (4947,379)  (5000,377)  (5023,328)  (5051,374)  (4902,431)  (4949,429)  (4998,426)  (4913,106)  (4961,107)  (5009,107)  (5057,107)  (4911,58)  (4960,58)  (5006,58)  (5054,56)  (4913,6)  (4962,4)  (5009,4)  (5057,3)  | overflowToLeft=false
57 Sea Zone  (4623,2882)  (4575,2929)  (4575,2881)  (4670,2930)  (4623,2834)  (4671,2834)  (4671,2882)  (4573,2833)  (4622,2977)  (4574,2977)  (4527,2929)  (4527,2881)  (4718,2930)  (4718,2978)  (4670,2978)  (4526,2978)  (4719,2800)  (4719,2848)  (4525,2833)  (4479,2930)  (4479,2882)  (4766,2896)  (4766,2944)  (4766,2992)  (4478,3002)  (4767,2800)  (4767,2848)  (4477,2834)  (4431,2954)  (4431,2906)  (4814,2896)  (4814,2944)  (4814,2992)  (4430,3002)  (4815,2800)  (4815,2848)  (4429,2858)  (4429,2810)  (4383,2954)  (4383,2906)  (4862,2896)  (4862,2944)  (4862,2992)  (4382,3002)  (4863,2800)  (4863,2848)  (4381,2858)  (4381,2810)  (4910,2896)  (4910,2944)  (4910,2992)  | overflowToLeft=false
83 Sea Zone  (1753,2432)  (1705,2479)  (1705,2431)  (1800,2480)  (1753,2384)  (1801,2384)  (1801,2432)  (1703,2383)  (1752,2527)  (1704,2527)  (1657,2479)  (1657,2431)  (1848,2480)  (1848,2528)  (1800,2528)  (1656,2528)  (1751,2336)  (1799,2336)  (1847,2336)  (1849,2384)  (1849,2432)  (1655,2383)  (1655,2335)  (1703,2335)  (1752,2575)  (1704,2575)  (1880,2576)  (1832,2576)  (1656,2576)  (1751,2288)  (1799,2288)  (1847,2288)  (1640,2287)  (1688,2287)  (1784,2623)  (1736,2623)  (1880,2624)  (1832,2624)  (1688,2624)  (1640,2624)  (1736,2240)  (1784,2240)  (1832,2240)  (1880,2240)  (1640,2239)  (1688,2239)  (1784,2671)  (1736,2671)  (1880,2672)  (1832,2672)  (1688,2672)  (1640,2672)  | overflowToLeft=false
114 Sea Zone  (2591,535)  (2543,582)  (2543,534)  (2638,583)  (2591,487)  (2639,487)  (2639,535)  (2612,439)  (2642,391)  (2636,343)  (2636,295)  | overflowToLeft=false
Victoria  (5869,3041)  (5913,3045)  (5953,3057)  (5856,3136)  (5903,3140)  (5895,3091)  | overflowToLeft=false
22 Sea Zone  (5666,1414)  (5666,1462)  (5666,1510)  (5713,1558)  (5714,1414)  (5714,1462)  (5714,1510)  (5749,1623)  (5749,1694)  (5749,1742)  (5762,1414)  (5762,1462)  (5762,1510)  (5797,1684)  (5797,1732)  (5806,1558)  (5809,1606)  (5810,1414)  (5810,1462)  (5810,1510)  (5845,1654)  (5845,1702)  (5845,1750)  (5854,1558)  (5857,1606)  (5858,1414)  (5858,1462)  (5858,1510)  (5893,1654)  (5893,1702)  (5893,1750)  (5902,1558)  (5905,1606)  (5906,1414)  (5906,1462)  (5906,1510)  | overflowToLeft=false
West Indies  (502,1238)  (547,1224)  (590,1228)  (629,1249)  (666,1272)  (697,1291)  (633,1326)  (805,1272)  (746,1357)  (793,1356)  (852,1379)  (900,1381)  (942,1392)  (967,1429)  | overflowToLeft=false
Ukraine  (3039,1051)  (3085,1048)  (3135,1046)  (3055,1099)  (3106,1093)  (3016,932)  (3065,919)  (3112,906)  (3024,988)  (3163,902)  (3165,951)  (3164,997)  (3175,1048)  (3204,909)  | overflowToLeft=false
Urals  (3754,181)  (3800,189)  (3847,184)  (3893,151)  (3896,100)  (3893,49)  (3844,51)  (3794,52)  (3741,55)  (3735,103)  (3703,150)  (3699,196)  (3695,244)  (3645,242)  (3648,197)  (3655,149)  (3680,101)  (3691,52)  (3741,5)  (3791,3)  (3841,1)  (3889,2)  (3938,0)  (3985,0)  (3938,49)  (3984,46)  (3943,97)  (3986,92)  (3940,146)  (3987,139)  (3894,199)  (3940,196)  (3983,189)  (3745,243)  (3795,242)  (3841,239)  (3888,247)  (3941,245)  (3992,238)  | overflowToLeft=false
98 Sea Zone  (2864,1587)  (2816,1610)  (2912,1570)  (2768,1608)  (2960,1570)  | overflowToLeft=false
India  (3927,1774)  (3920,1728)  (3974,1778)  (4018,1797)  (4060,1822)  (4101,1823)  (4081,1871)  (4080,1918)  (4035,1953)  (4034,1907)  (4032,1859)  (3988,1982)  (3946,1985)  (3913,2020)  (3915,2067)  (3949,2185)  (3909,1922)  (3914,1869)  (3918,1819)  (3915,2111)  | overflowToLeft=false
Western New Guinea  (5473,2437)  (5526,2434)  (5583,2366)  (5631,2377)  (5677,2374)  (5718,2377)  (5723,2418)  (5725,2465)  (5641,2451)  (5574,2523)  | overflowToLeft=false
75 Sea Zone  (3620,2889)  (3572,2936)  (3572,2888)  (3667,2937)  (3620,2841)  (3668,2841)  (3668,2889)  (3570,2840)  (3619,2984)  (3571,2984)  (3524,2936)  (3524,2888)  (3715,2937)  (3715,2985)  (3667,2985)  (3523,2985)  (3716,2800)  (3716,2848)  (3522,2840)  (3476,2937)  (3476,2889)  (3763,2896)  (3763,2944)  (3763,2992)  (3475,3002)  (3764,2800)  (3764,2848)  (3474,2841)  (3428,2954)  (3428,2906)  (3811,2896)  (3811,2944)  (3811,2992)  (3427,3002)  (3812,2800)  (3812,2848)  (3426,2858)  (3426,2810)  (3380,2954)  (3380,2906)  (3859,2896)  (3859,2944)  (3859,2992)  (3379,3002)  (3860,2800)  (3860,2848)  (3378,2858)  (3378,2810)  | overflowToLeft=false
Turkey  (2933,1303)  (2963,1351)  (2914,1376)  (2912,1421)  (2962,1400)  (2960,1446)  (3008,1438)  (3009,1392)  (3010,1348)  (3010,1305)  (3055,1364)  (3057,1411)  (3104,1366)  (3104,1411)  (3149,1364)  (3150,1411)  (3148,1314)  (3198,1327)  (3195,1368)  (3197,1414)  (3245,1412)  (3244,1370)  (3245,1328)  (3296,1329)  (3293,1375)  (3293,1424)  | overflowToLeft=false
Caroline Islands  (5889,1976)  (5934,2023)  (6020,2046)  (6012,1970)  (6070,1946)  (6071,1991)  (6130,1979)  | overflowToLeft=false
Central African Republic  (2564,2278)  (2614,2274)  (2663,2275)  (2708,2245)  (2712,2198)  (2669,2148)  (2622,2118)  (2589,2078)  (2567,2122)  (2526,2128)  (2603,2322)  (2651,2324)  (2699,2321)  (2633,2371)  (2683,2372)  (2756,2181)  | overflowToLeft=false
Peru  (607,1910)  (627,1958)  (614,2005)  (630,2052)  (674,2086)  (720,2117)  (723,2066)  (768,2057)  (800,2019)  (750,2010)  (735,1969)  (782,1962)  | overflowToLeft=false
Vyborg  (2755,392)  (2800,378)  (2843,363)  (2757,343)  (2806,327)  (2817,282)  | overflowToLeft=false
Turkmenistan  (3593,1367)  (3638,1360)  (3681,1360)  (3608,1413)  (3651,1408)  (3699,1407)  (3625,1461)  (3674,1455)  (3721,1453)  (3719,1500)  (3726,1539)  | overflowToLeft=false
Germany  (2458,806)  (2507,806)  (2555,806)  (2603,805)  (2586,853)  (2507,855)  (2456,854)  (2461,757)  (2464,707)  (2468,656)  (2514,659)  (2562,664)  (2617,756)  (2615,707)  (2610,657)  | overflowToLeft=false
Shensi  (4271,1100)  (4317,1110)  (4364,1138)  (4358,1189)  (4348,1238)  (4301,1249)  (4251,1248)  (4202,1239)  (4192,1186)  (4184,1288)  (4174,1338)  (4234,1301)  (4281,1297)  (4242,1052)  (4407,1130)  | overflowToLeft=false
67 Sea Zone  (1121,2886)  (1073,2933)  (1073,2885)  (1168,2934)  (1121,2838)  (1169,2838)  (1169,2886)  (1071,2837)  (1120,2981)  (1072,2981)  (1025,2933)  (1025,2885)  (1216,2934)  (1216,2982)  (1168,2982)  (1024,2982)  (1119,2790)  (1167,2790)  (1215,2790)  (1217,2838)  (1217,2886)  (1023,2837)  (1023,2789)  (1071,2789)  (1263,2744)  (1120,3029)  (1072,3029)  (977,2934)  (977,2886)  (1264,2934)  (1264,2982)  (1264,3030)  (1216,3030)  (1168,3030)  (1024,3030)  (976,3030)  (976,2982)  (1119,2742)  (1167,2742)  (1215,2742)  (1265,2792)  (1265,2840)  (975,2838)  (975,2790)  (975,2742)  (1023,2741)  (1071,2741)  (1263,2696)  (1120,3077)  (1072,3077)  (1304,3078)  (1256,3078)  (1208,3078)  (1024,3078)  (976,3078)  | overflowToLeft=false
Central Mongolia  (4560,670)  | overflowToLeft=false
101 Sea Zone  (678,980)  (630,1027)  (630,979)  (725,1028)  (678,932)  (726,932)  (726,980)  (677,1075)  (629,1075)  (773,1028)  (773,1076)  (725,1076)  (696,884)  (744,884)  (774,932)  (774,980)  (792,866)  (677,1123)  (629,1123)  (808,1124)  (760,1124)  (699,836)  (523,1134)  (747,818)  (795,818)  (505,1086)  (475,1163)  (723,770)  (771,770)  (457,1115)  (457,1067)  (427,1163)  (409,1115)  (361,1135)  (361,1087)  (808,664)  (313,1087)  | overflowToLeft=false
Fiji  (7011,2486)  (7054,2489)  (7094,2489)  | overflowToLeft=false
Union of South Africa  (2632,3069)  (2608,3117)  (2649,3144)  (2701,3138)  (2746,3131)  (2794,3107)  (2742,3030)  (2785,3037)  (2823,3060)  | overflowToLeft=false
Kwangtung  (4823,1640)  (4869,1656)  (4768,1793)  (4724,1758)  (4718,1710)  (4744,1663)  (4772,1745)  (4817,1762)  | overflowToLeft=false
Suiyuyan  (4375,860)  (4371,812)  (4419,814)  (4422,862)  (4469,844)  (4515,846)  (4505,892)  (4489,940)  (4444,974)  (4414,1023)  (4420,1069)  (4367,1061)  (4362,1017)  (4316,1029)  (4273,995)  (4269,947)  (4317,967)  (4367,970)  (4306,898)  (4560,850)  | overflowToLeft=false
70 Sea Zone  (2187,2976)  (2139,3023)  (2139,2975)  (2234,3024)  (2187,2928)  (2235,2928)  (2235,2976)  (2137,2927)  (2186,3071)  (2138,3071)  (2091,3023)  (2091,2975)  (2282,3024)  (2282,3072)  (2234,3072)  (2090,3072)  (2185,2880)  (2233,2880)  (2281,2880)  (2283,2928)  (2283,2976)  (2089,2927)  (2089,2879)  (2137,2879)  (2329,2880)  (2186,3119)  (2138,3119)  (2043,3024)  (2043,2976)  (2330,3024)  (2330,3072)  (2330,3120)  (2282,3120)  (2234,3120)  (2090,3120)  (2042,3120)  (2042,3072)  (2185,2832)  (2233,2832)  (2281,2832)  (2331,2928)  (2331,2976)  (2041,2928)  (2041,2880)  (2041,2832)  (2089,2831)  (2137,2831)  (2378,3031)  (2378,3079)  (2378,3127)  (2037,2784)  (2185,2784)  (2233,2784)  (2281,2784)  | overflowToLeft=false
Somalia  (3064,2200)  (3064,2241)  (3095,2271)  (3143,2272)  (3190,2275)  (3113,2321)  (3163,2321)  (3059,2349)  (3105,2369)  (3027,2400)  | overflowToLeft=false
Chad  (2460,2075)  (2405,2073)  (2375,2029)  (2405,1978)  (2454,1953)  (2508,1951)  (2556,1962)  (2510,2064)  (2557,2016)  (2604,1989)  (2605,1944)  (2551,1911)  (2502,1903)  (2458,2121)  (2407,2120)  (2356,2117)  (2327,2065)  (2300,2106)  (2278,2064)  (2320,2014)  (2641,1946)  | overflowToLeft=false
Jehol  (4913,890)  (4955,850)  (5009,843)  (4963,802)  (5011,794)  (4938,748)  (4890,757)  (4837,769)  (4788,789)  (4742,831)  (4691,822)  (4708,874)  (4732,924)  (4741,968)  (4707,1008)  (4752,1016)  (4796,1019)  (4842,1000)  (4791,968)  (4777,915)  (4826,922)  (4878,940)  (4960,903)  | overflowToLeft=false
Thailand  (4452,2093)  (4401,2093)  (4497,2089)  (4539,2103)  (4488,2138)  (4383,1971)  (4432,1971)  (4479,1944)  (4429,1922)  (4481,1899)  (4440,2139)  (4536,2148)  (4541,2194)  (4585,2219)  | overflowToLeft=false
104 Sea Zone  (1632,979)  (1584,1026)  (1584,978)  (1679,1027)  (1632,931)  (1680,931)  (1680,979)  (1582,930)  (1631,1074)  (1583,1074)  (1727,1027)  (1727,1075)  (1630,883)  (1678,883)  (1726,883)  (1728,931)  (1728,979)  (1556,882)  (1616,1122)  (1568,1122)  (1604,835)  (1652,835)  (1700,835)  (1556,834)  (1617,1170)  (1569,1170)  (1604,787)  (1652,787)  (1700,787)  (1556,786)  (1748,784)  (1625,1218)  (1577,1218)  (1604,739)  (1652,739)  (1700,739)  (1556,738)  (1748,736)  | overflowToLeft=false
Formosa  (5031,1613)  (5054,1568)  | overflowToLeft=false
Moldavia  (2949,915)  (2951,963)  (2971,1006)  (2985,1046)  (2995,1091)  | overflowToLeft=false
40 Sea Zone  (3962,2565)  (4009,2613)  (3961,2613)  (3941,2517)  (3989,2517)  (4010,2565)  (4037,2490)  (4057,2613)  (4057,2661)  (4009,2661)  (3961,2661)  (3941,2469)  (3989,2469)  (4058,2538)  (4037,2442)  (4059,2709)  (4011,2709)  (3963,2709)  (3941,2421)  (3989,2421)  | overflowToLeft=false
Central United States  (241,1000)  (289,996)  (336,992)  (384,983)  (420,933)  (368,933)  (319,936)  (271,939)  (221,944)  (174,945)  (408,885)  (358,886)  (308,887)  (261,891)  (161,896)  (113,893)  (111,847)  (160,848)  (212,846)  (260,842)  (308,838)  (356,838)  (404,836)  (406,785)  (359,787)  (179,797)  (131,796)  (81,797)  (3,751)  (52,751)  (100,747)  (153,747)  (357,738)  (407,737)  (453,737)  (452,690)  (455,641)  (401,688)  (349,690)  (348,641)  (348,594)  (397,581)  (397,630)  (299,667)  (251,665)  (204,663)  (156,664)  (106,700)  (53,703)  (4,702)  (3,653)  (51,654)  (100,654)  (1,605)  (48,605)  (97,605)  (148,610)  (194,612)  (249,614)  (300,615)  (298,569)  (253,566)  (206,565)  (153,563)  (103,559)  (54,555)  (4,555)  (4,504)  (53,505)  (104,508)  (155,512)  (204,512)  | overflowToLeft=false
New Britain  (5963,2398)  (6009,2394)  (6001,2352)  | overflowToLeft=false
24 Sea Zone  (6295,1186)  (6247,1233)  (6247,1185)  (6342,1234)  (6295,1138)  (6343,1138)  (6343,1186)  (6245,1137)  (6294,1281)  (6246,1281)  (6199,1233)  (6199,1185)  (6390,1234)  (6390,1282)  (6342,1282)  (6198,1282)  (6293,1090)  (6341,1090)  (6389,1090)  (6391,1138)  (6391,1186)  (6197,1137)  (6197,1089)  (6245,1089)  (6294,1329)  (6246,1329)  (6416,1330)  (6368,1330)  (6198,1330)  | overflowToLeft=false
39 Sea Zone  (3962,2288)  (4009,2336)  (3961,2336)  (3918,2240)  (3966,2240)  (4010,2288)  (4014,2236)  (4057,2336)  (3918,2192)  (3966,2192)  (4058,2284)  (4014,2188)  (3949,2144)  (3997,2140)  (4045,2140)  (3955,2092)  (4003,2092)  (4051,2092)  (4002,2044)  (4050,2044)  | overflowToLeft=false
95 Sea Zone  (2242,1378)  (2266,1241)  (2277,1289)  (2290,1337)  (2290,1385)  (2297,1433)  (2338,1304)  (2338,1352)  (2350,1486)  (2382,1400)  (2386,1347)  | overflowToLeft=false
Baltic States  (2861,455)  (2767,458)  (2738,541)  (2738,588)  (2757,634)  (2805,645)  (2854,631)  (2892,595)  (2904,546)  (2784,584)  (2833,583)  (2899,498)  | overflowToLeft=false
Nigeria  (2055,2118)  (2050,2164)  (2094,2186)  (2135,2200)  (2180,2209)  (2195,2166)  (2201,2120)  (2231,2134)  | overflowToLeft=false
45 Sea Zone  (5575,2314)  (5527,2334)  (5527,2286)  (5575,2266)  (5623,2266)  (5623,2314)  (5516,2382)  (5498,2238)  (5479,2334)  (5479,2286)  (5671,2224)  (5671,2272)  (5671,2320)  (5468,2420)  (5563,2430)  (5662,2448)  (5614,2452)  (5719,2224)  (5719,2272)  (5719,2320)  (5515,2468)  (5467,2468)  (5566,2478)  (5677,2496)  (5629,2500)  (5518,2516)  (5470,2516)  (5581,2526)  | overflowToLeft=false
Croatia  (2525,1192)  (2482,1152)  (2468,1113)  (2533,1058)  (2580,1077)  | overflowToLeft=false
Uruguay  (960,2462)  (1009,2463)  | overflowToLeft=false
Rostov Crimea  (3085,1146)  (3129,1144)  (3177,1139)  (3225,1053)  (3268,1054)  (3311,1052)  (3230,953)  (3277,952)  (3323,954)  (3319,1002)  (3372,935)  (3229,1101)  (3277,1101)  | overflowToLeft=false
United Kingdom  (1838,634)  (1886,634)  (1934,635)  (1983,643)  (1978,596)  (1929,592)  (1879,575)  (1891,512)  (1933,519)  (1979,518)  (2026,492)  (2030,535)  (2073,558)  (2026,655)  (2073,640)  | overflowToLeft=false
Cameroon Gabon  (2329,2385)  (2323,2278)  (2371,2275)  (2417,2275)  (2374,2384)  (2418,2384)  (2473,2330)  (2469,2277)  (2472,2378)  (2279,2387)  (2274,2275)  (2223,2277)  (2236,2227)  (2282,2222)  (2329,2223)  (2377,2226)  (2419,2225)  (2463,2228)  (2512,2258)  (2520,2304)  (2521,2349)  (2526,2393)  (2576,2390)  (2267,2173)  (2312,2172)  (2359,2174)  (2481,2185)  (2298,2434)  (2346,2433)  (2394,2434)  (2317,2485)  (2365,2481)  (2406,2478)  (2317,2539)  (2362,2529)  (2412,2527)  (2310,2588)  (2360,2581)  (2416,2576)  (2296,2641)  (2343,2634)  (2389,2626)  (2436,2624)  | overflowToLeft=false
Switzerland  (2223,1012)  (2240,973)  (2288,973)  (2270,1019)  (2315,1004)  | overflowToLeft=false
Samoa  (7394,2584)  (7421,2605)  (7462,2604)  (7502,2604)  | overflowToLeft=false
Spain  (1742,1315)  (1791,1315)  (1841,1315)  (1889,1312)  (1743,1365)  (1792,1363)  (1838,1364)  (1886,1360)  (1735,1413)  (1786,1409)  (1836,1410)  (1884,1407)  (1672,1123)  (1719,1133)  (1768,1134)  (1810,1133)  (1857,1131)  (1743,1183)  (1788,1181)  (1836,1177)  (1888,1176)  (1895,1223)  (1894,1265)  (1943,1214)  (2022,1313)  (1944,1260)  | overflowToLeft=false
Vologda  (3456,386)  (3503,384)  (3554,382)  (3607,380)  (3612,333)  (3605,288)  (3583,238)  (3533,227)  (3482,227)  (3434,255)  (3415,302)  (3406,348)  (3407,396)  (3356,397)  (3355,346)  (3527,430)  (3575,427)  (3621,426)  (3653,380)  (3584,189)  (3536,181)  (3487,183)  (3660,332)  | overflowToLeft=false
62 Sea Zone  (6016,3066)  (5968,3113)  (6063,3114)  (6025,3018)  (6064,3066)  (6073,3009)  (6015,3161)  (5967,3161)  (5920,3113)  (6111,3114)  (6111,3162)  (6063,3162)  (5919,3162)  (6112,3057)  (6070,2961)  (6118,2961)  (6121,3009)  (6159,3105)  (6159,3153)  (5871,3164)  (6160,3057)  (6076,2913)  (6124,2913)  (5846,3116)  (5823,3164)  (5798,3116)  | overflowToLeft=false
Venezuela  (718,1635)  (766,1668)  (768,1712)  (815,1708)  (810,1668)  (853,1677)  (887,1639)  (879,1590)  (831,1572)  (741,1588)  (676,1601)  (676,1553)  (740,1538)  | overflowToLeft=false
Normandy Bordeaux  (1882,794)  (2029,826)  (2030,776)  (2077,769)  (2078,818)  (1923,890)  (1970,889)  (1933,937)  (1980,935)  (1926,984)  (1974,983)  (1915,1032)  (1964,1030)  (1907,1080)  (1956,1077)  (1922,1127)  | overflowToLeft=false
Aleutian Islands  (6828,394)  (6885,371)  (6930,360)  (6957,329)  (7000,329)  | overflowToLeft=false
37 Sea Zone  (4616,2353)  (4568,2329)  (4663,2401)  (4615,2401)  (4616,2305)  (4664,2305)  (4664,2353)  (4551,2281)  (4711,2401)  (4711,2449)  (4663,2449)  (4615,2449)  (4712,2282)  (4712,2330)  (4495,2243)  (4441,2194)  | overflowToLeft=false
78 Sea Zone  (3810,2545)  (3762,2592)  (3762,2544)  (3857,2593)  (3810,2497)  (3858,2497)  (3858,2545)  (3760,2496)  (3809,2640)  (3761,2640)  (3893,2641)  (3808,2449)  (3856,2449)  (3731,2448)  (3845,2688)  (3797,2688)  (3749,2688)  (3893,2689)  (3779,2401)  (3827,2401)  (3875,2401)  (3731,2400)  (3845,2736)  (3797,2736)  (3749,2736)  (3893,2737)  | overflowToLeft=false
Volgograd  (3379,1046)  (3429,1048)  (3478,1047)  (3519,998)  (3423,962)  (3473,961)  (3538,952)  (3580,972)  (3521,1044)  (3531,1087)  (3566,1046)  | overflowToLeft=false
73 Sea Zone  (3482,3091)  (3434,3138)  (3434,3090)  (3529,3139)  (3530,3050)  (3386,3164)  (3386,3116)  (3386,3068)  (3577,3098)  (3577,3146)  (3578,3050)  (3625,3098)  (3625,3146)  (3626,3050)  | overflowToLeft=false
32 Sea Zone  (6207,1826)  (6242,1874)  (6244,1726)  (6244,1774)  (6255,1822)  (6290,1870)  (6290,1918)  (6292,1726)  (6292,1774)  (6303,1822)  (6338,1870)  (6338,1918)  (6340,1726)  (6386,1913)  (6388,1726)  (6393,1823)  (6394,1774)  (6434,1911)  (6436,1726)  (6441,1822)  (6442,1774)  (6482,1870)  (6482,1918)  (6484,1726)  (6489,1822)  (6490,1774)  | overflowToLeft=false
Queensland  (5842,2681)  (5789,2696)  (5780,2742)  (5776,2788)  (5824,2790)  (5872,2798)  (5917,2800)  (5917,2744)  (5892,2696)  (5832,2634)  (5824,2585)  (5965,2787)  (5965,2833)  (5915,2848)  (5866,2844)  (5816,2839)  (5773,2839)  (6009,2843)  | overflowToLeft=false
Ulaanbaatar  (4873,504)  | overflowToLeft=false
96 Sea Zone  (2334,1580)  (2382,1570)  (2425,1618)  (2430,1541)  (2473,1589)  (2478,1541)  (2526,1541)  (2574,1541)  (2622,1541)  (2649,1589)  (2670,1541)  | overflowToLeft=false
Yenisey  (4251,219)  (4250,266)  (4271,313)  (4318,329)  (4366,329)  (4418,319)  (4454,268)  (4451,218)  (4450,170)  (4405,161)  (4356,161)  (4309,162)  (4257,164)  (4269,363)  (4318,379)  (4370,378)  (4269,412)  (4215,362)  (4217,412)  (4170,413)  (4168,464)  (4119,439)  (4117,488)  (4494,171)  (4492,121)  (4451,122)  (4397,115)  (4343,112)  (4288,113)  (4290,62)  (4340,63)  (4391,62)  (4440,66)  (4484,70)  (4532,73)  (4539,116)  (4545,162)  (4569,22)  (4519,20)  (4469,17)  (4418,13)  (4366,9)  (4315,10)  (4266,10)  (4501,221)  (4505,273)  | overflowToLeft=false
Alberta  (1,414)  (48,414)  (95,413)  (142,412)  (189,413)  (236,414)  (285,412)  (334,412)  (251,463)  (298,462)  (365,361)  (314,360)  (264,361)  (314,311)  (279,261)  (279,211)  (229,211)  (180,211)  (129,212)  (80,213)  (31,215)  (30,264)  (31,313)  (30,361)  (32,164)  (81,165)  (129,164)  (178,163)  (226,162)  (275,160)  (324,160)  (323,111)  (272,111)  (224,112)  (174,112)  (122,113)  (74,114)  (26,114)  (27,63)  (76,63)  (123,62)  (173,62)  (221,61)  (270,62)  (318,62)  (367,65)  (29,14)  (77,13)  (126,13)  (174,14)  (222,14)  (271,12)  (321,11)  (368,8)  (417,2)  (469,0)  (518,1)  (569,1)  (617,48)  (617,97)  (664,97)  | overflowToLeft=false
Benelux  (2211,774)  (2131,738)  (2132,688)  (2182,657)  (2229,641)  (2271,644)  (2266,688)  (2255,737)  | overflowToLeft=false
Celebes  (5079,2357)  (5123,2355)  (5089,2402)  (5153,2398)  (5123,2267)  (5177,2264)  (5217,2261)  (5300,2245)  (5297,2288)  (5176,2317)  (5225,2327)  (5259,2361)  (5305,2366)  (5350,2366)  | overflowToLeft=false
127 Sea Zone  (2945,11)  (2897,13)  (2989,59)  (2959,107)  (3103,0)  | overflowToLeft=false
90 Sea Zone  (1256,1393)  (1208,1440)  (1208,1392)  (1303,1441)  (1256,1345)  (1304,1345)  (1304,1393)  (1206,1344)  (1255,1488)  (1207,1488)  (1160,1440)  (1160,1392)  (1351,1441)  (1351,1489)  (1303,1489)  (1159,1489)  (1254,1297)  (1302,1297)  (1350,1297)  (1352,1345)  (1352,1393)  (1158,1344)  (1158,1296)  (1206,1296)  (1398,1292)  (1399,1441)  (1399,1489)  (1400,1340)  (1400,1388)  | overflowToLeft=false
Line Islands  (7184,1897)  (7231,1896)  (7243,1939)  | overflowToLeft=false
6 Sea Zone  (5588,807)  (5540,854)  (5540,806)  (5635,855)  (5588,759)  (5636,759)  (5636,807)  (5538,758)  (5587,902)  (5539,902)  (5492,854)  (5492,806)  (5683,855)  (5683,903)  (5635,903)  (5491,903)  (5586,711)  (5634,711)  (5682,711)  (5684,759)  (5684,807)  (5506,710)  (5730,665)  (5587,950)  (5539,950)  (5444,818)  (5731,855)  (5731,903)  (5731,951)  (5683,951)  (5635,951)  (5491,951)  (5558,663)  (5606,663)  (5654,663)  (5732,713)  (5732,761)  (5443,995)  (5708,617)  (5756,617)  (5778,665)  (5587,998)  (5539,998)  (5779,809)  (5779,857)  (5779,905)  (5779,953)  (5731,999)  (5683,999)  (5635,999)  (5491,999)  | overflowToLeft=false
South Korea  (5311,971)  (5359,966)  (5409,950)  (5452,945)  (5416,874)  (5457,900)  | overflowToLeft=false
59 Sea Zone  (4032,3097)  (3984,3144)  (3984,3096)  (4079,3145)  (4080,3050)  (4127,3098)  (4127,3146)  (4128,3050)  (4175,3098)  (4175,3146)  (4176,3050)  | overflowToLeft=false
Mozambique  (2828,2943)  (2877,2933)  (2830,2995)  (2816,2832)  (2863,2828)  (2911,2821)  | overflowToLeft=false
118 Sea Zone  (1501,270)  (1453,317)  (1453,269)  (1548,318)  (1501,222)  (1549,222)  (1549,270)  (1451,221)  (1500,365)  (1452,365)  (1596,318)  (1596,366)  (1548,366)  (1499,174)  (1547,174)  (1595,174)  (1597,222)  (1597,270)  (1411,173)  (1500,413)  (1452,413)  (1606,414)  (1558,414)  | overflowToLeft=false
Southeast Mexico  (2,1096)  (50,1095)  (95,1094)  (143,1095)  (179,1096)  (37,1142)  (87,1143)  (136,1142)  (183,1143)  (126,1253)  (172,1252)  (218,1249)  (210,1299)  (259,1295)  (306,1289)  (355,1281)  (298,1338)  (348,1333)  (331,1378)  (373,1365)  (392,1319)  (401,1271)  (354,1231)  (184,1046)  (137,1046)  (88,1045)  (42,1045)  (3,1046)  (2,999)  (50,999)  (98,999)  (143,1000)  (0,950)  (47,951)  (92,950)  (0,900)  (47,900)  (0,854)  (401,1221)  | overflowToLeft=false
Novosibirsk  (3737,649)  (3782,649)  (3824,647)  (3875,648)  (3889,595)  (3893,547)  (3892,494)  (3845,493)  (3796,496)  (3746,512)  (3721,461)  (3772,446)  (3819,444)  (3865,442)  (3880,393)  (3831,395)  (3781,396)  (3731,399)  (3729,697)  (3777,698)  (3826,695)  (3873,695)  (3737,744)  (3779,745)  (3827,744)  (3874,743)  (3911,778)  (3862,792)  (3813,792)  (3764,794)  (3789,839)  (3838,840)  (3885,843)  (3935,828)  (3805,888)  (3852,890)  (3902,890)  (3823,939)  (3870,936)  (3733,350)  (3784,348)  (3834,346)  (3880,349)  (3896,304)  (3853,986)  | overflowToLeft=false
109 Sea Zone  (1707,572)  (1659,619)  (1659,571)  (1729,620)  (1755,544)  (1777,592)  (1681,667)  (1729,668)  (1782,681)  (1826,524)  (1856,476)  (1877,425)  | overflowToLeft=false
Guam  (5620,1691)  (5652,1661)  | overflowToLeft=false
68 Sea Zone  (1507,2970)  (1459,3017)  (1459,2969)  (1554,3018)  (1507,2922)  (1555,2922)  (1555,2970)  (1457,2921)  (1506,3065)  (1458,3065)  (1411,3017)  (1411,2969)  (1602,3018)  (1602,3066)  (1554,3066)  (1410,3066)  (1505,2874)  (1553,2874)  (1601,2874)  (1603,2922)  (1603,2970)  (1409,2921)  (1409,2873)  (1457,2873)  (1649,2828)  (1506,3113)  (1458,3113)  (1363,3018)  (1363,2970)  (1650,3018)  (1650,3066)  (1650,3114)  (1602,3114)  (1554,3114)  (1410,3114)  (1362,3114)  (1362,3066)  (1505,2826)  (1553,2826)  (1601,2826)  (1651,2876)  (1651,2924)  (1361,2922)  (1361,2874)  (1361,2826)  (1409,2825)  (1457,2825)  (1649,2780)  (1506,3161)  (1458,3161)  (1670,3162)  (1622,3162)  (1574,3162)  (1410,3162)  (1362,3162)  | overflowToLeft=false
10 Sea Zone  (7331,509)  (7283,556)  (7283,508)  (7378,557)  (7331,461)  (7379,461)  (7379,509)  (7281,460)  (7330,604)  (7282,604)  (7400,605)  (7427,459)  (7352,652)  (7304,652)  (7388,700)  (7340,700)  (7292,700)  (7394,748)  (7346,748)  (7298,748)  (7403,796)  (7355,796)  (7307,796)  (7437,844)  (7389,844)  (7341,844)  (7293,844)  (7454,892)  (7406,892)  (7358,892)  (7310,892)  (7473,940)  (7425,940)  (7377,940)  (7329,940)  (7281,940)  (7501,988)  (7453,988)  (7405,988)  (7357,988)  (7309,988)  (7571,1007)  (7523,1036)  (7475,1036)  (7427,1036)  (7379,1036)  (7331,1036)  (7283,1036)  (7604,1055)  (7556,1084)  (7508,1084)  (7460,1084)  (7412,1084)  (7364,1084)  (7316,1084)  | overflowToLeft=false
South West Africa  (2474,3093)  (2521,3096)  (2568,3081)  (2564,3036)  (2425,2992)  (2540,2990)  (2583,2988)  | overflowToLeft=false
Southern Italy  (2413,1296)  (2451,1267)  (2458,1308)  (2452,1355)  (2458,1403)  (2504,1320)  | overflowToLeft=false
77 Sea Zone  (3523,2553)  (3475,2600)  (3475,2552)  (3570,2601)  (3523,2505)  (3571,2505)  (3571,2553)  (3473,2504)  (3522,2648)  (3474,2648)  (3427,2600)  (3427,2552)  (3618,2601)  (3618,2649)  (3570,2649)  (3426,2649)  (3521,2457)  (3569,2457)  (3617,2457)  (3619,2505)  (3619,2553)  (3425,2504)  (3425,2456)  (3473,2456)  (3665,2411)  (3522,2696)  (3474,2696)  (3379,2601)  (3379,2553)  (3666,2601)  (3666,2649)  (3666,2697)  (3618,2697)  (3570,2697)  (3426,2697)  (3378,2697)  (3378,2649)  (3521,2409)  (3569,2409)  (3617,2409)  (3667,2459)  (3667,2507)  (3377,2505)  (3377,2457)  (3377,2409)  (3425,2408)  (3473,2408)  (3522,2744)  (3474,2744)  (3683,2745)  (3635,2745)  (3587,2745)  (3426,2745)  (3378,2745)  | overflowToLeft=false
121 Sea Zone  (812,148)  (764,195)  (764,147)  (859,196)  (763,99)  (741,243)  (716,195)  (907,171)  (720,23)  (955,175)  (621,162)  (1006,60)  (1010,108)  (1044,11)  | overflowToLeft=false
Tobruk  (2500,1683)  (2495,1730)  (2489,1775)  (2485,1822)  (2537,1840)  (2583,1862)  (2628,1880)  (2676,1889)  (2675,1841)  (2674,1787)  (2625,1824)  (2574,1805)  (2537,1789)  (2543,1752)  (2587,1760)  (2637,1755)  (2640,1705)  (2536,1633)  (2585,1625)  (2635,1641)  (2684,1639)  | overflowToLeft=false
Gold Coast  (1785,2135)  (1834,2102)  (1649,2027)  (1659,1976)  (1612,1959)  (1654,1928)  (1605,1901)  (1834,2148)  (1881,2150)  (1880,2102)  (1929,2100)  (1977,2097)  (1926,2147)  (1973,2143)  | overflowToLeft=false
86 Sea Zone  (1363,2025)  (1315,2072)  (1401,2073)  (1356,1977)  (1353,2120)  (1305,2120)  (1356,1929)  (1309,2168)  (1318,1881)  (1366,1881)  (1270,1837)  (1318,1833)  (1366,1833)  (1220,1829)  | overflowToLeft=false
Japan  (5656,963)  (5612,984)  (5643,1016)  (5563,988)  (5569,1039)  (5533,1063)  (5513,1009)  (5477,1047)  (5428,1083)  (5473,1092)  (5462,1141)  (5791,890)  (5746,861)  (5793,840)  (5793,791)  (5840,793)  (5809,743)  (5813,692)  (5772,639)  (5815,591)  (5858,608)  (5907,580)  (5861,554)  (5848,506)  (5831,458)  (5936,538)  | overflowToLeft=false
120 Sea Zone  (457,260)  (409,290)  (409,242)  (504,308)  (457,212)  (505,212)  (505,260)  (396,194)  (361,281)  (552,308)  (538,356)  (444,164)  (492,164)  (540,163)  (348,233)  (515,115)  (524,67)  | overflowToLeft=false
Kwangsi  (4540,1700)  (4580,1662)  (4632,1631)  (4679,1608)  (4730,1596)  (4595,1780)  (4637,1771)  (4682,1762)  (4641,1818)  (4687,1811)  (4686,1857)  (4735,1845)  | overflowToLeft=false
Yunnan  (4281,1633)  (4333,1556)  (4309,1597)  (4277,1678)  (4320,1707)  (4361,1717)  (4405,1722)  (4424,1670)  (4475,1688)  (4453,1732)  (4501,1756)  | overflowToLeft=false
71 Sea Zone  (2867,3106)  (2819,3153)  (2914,3154)  (2877,3058)  (2915,3106)  (2925,3048)  (2906,3000)  (2937,2952)  (2937,2904)  | overflowToLeft=false
Belarus  (2975,606)  (2980,557)  (3024,518)  (3074,511)  (3110,559)  (3113,604)  (3065,604)  (3023,604)  (2938,647)  (2985,653)  (3033,650)  (3077,651)  (3125,651)  (3153,564)  (3121,512)  (3081,464)  (3127,469)  (3113,418)  | overflowToLeft=false
30 Sea Zone  (6557,1726)  (6557,1774)  (6557,1822)  (6557,1870)  (6557,1918)  (6605,1726)  (6605,1774)  (6605,1822)  (6605,1870)  (6605,1918)  (6648,2001)  (6648,2049)  (6648,2097)  (6648,2145)  (6653,1726)  (6653,1774)  (6653,1822)  (6653,1870)  (6653,1918)  (6696,1966)  (6696,2014)  (6696,2062)  (6696,2110)  (6696,2158)  (6701,1726)  (6701,1774)  (6701,1822)  (6701,1870)  (6701,1918)  (6744,1966)  (6744,2014)  (6744,2062)  (6744,2110)  (6744,2158)  (6749,1726)  (6749,1774)  (6749,1822)  (6749,1870)  (6749,1918)  (6792,1966)  (6792,2014)  (6792,2062)  (6792,2110)  (6792,2158)  (6797,1726)  (6797,1774)  (6797,1822)  (6797,1870)  (6797,1918)  (6840,1966)  (6840,2014)  (6840,2062)  (6840,2110)  (6840,2158)  | overflowToLeft=false
Albania  (2623,1215)  (2622,1263)  (2670,1244)  (2712,1246)  | overflowToLeft=false
Caucasus  (3339,1255)  (3293,1258)  (3388,1257)  (3283,1209)  (3276,1162)  (3325,1125)  (3371,1125)  (3417,1133)  (3423,1207)  (3465,1164)  (3350,1305)  (3398,1303)  (3374,1355)  (3422,1351)  (3437,1398)  (3472,1438)  (3510,1134)  (3482,1388)  | overflowToLeft=false
Eastern New Guinea  (5775,2398)  (5822,2410)  (5863,2427)  (5773,2447)  (5816,2461)  (5866,2474)  (5912,2452)  (5935,2500)  | overflowToLeft=false
Dzavhan  (4448,497)  | overflowToLeft=false
108 Sea Zone  (1500,574)  (1452,621)  (1452,573)  (1547,622)  (1500,526)  (1548,526)  (1548,574)  (1450,525)  (1499,669)  (1451,669)  (1595,622)  (1595,670)  (1547,670)  (1498,478)  (1546,478)  (1594,478)  (1596,526)  (1596,574)  (1411,477)  (1499,717)  (1451,717)  | overflowToLeft=false
New Zealand  (6597,3001)  (6601,2952)  (6582,2912)  (6644,3007)  (6691,3018)  (6658,3050)  (6530,3113)  (6499,3158)  | overflowToLeft=false
11 Sea Zone  (7507,1249)  (7459,1296)  (7459,1248)  (7554,1297)  (7507,1201)  (7555,1201)  (7555,1249)  (7457,1200)  (7506,1344)  (7458,1344)  (7411,1296)  (7411,1248)  (7602,1297)  (7602,1345)  (7554,1345)  (7410,1345)  (7505,1153)  (7553,1153)  (7601,1153)  (7603,1201)  (7603,1249)  (7409,1200)  (7409,1152)  (7457,1152)  (7649,1138)  (7506,1392)  (7458,1392)  (7650,1297)  (7650,1345)  (7650,1393)  (7602,1393)  (7554,1393)  (7410,1393)  (7651,1186)  (7651,1234)  (7506,1440)  (7458,1440)  (7656,1441)  (7608,1441)  (7560,1441)  (7410,1441)  | overflowToLeft=false
17 Sea Zone  (5826,1261)  (5826,1309)  (5826,1357)  (5852,1212)  (5874,1263)  (5874,1311)  (5874,1359)  (5878,1164)  (5904,1116)  (5922,1274)  (5922,1322)  (5926,1164)  (5930,1067)  (5952,1115)  (5953,1212)  (5970,1260)  (5970,1308)  (5970,1356)  (5974,1163)  (5978,1050)  (6000,1098)  (6001,1211)  (6018,1259)  (6018,1307)  (6018,1355)  (6022,1146)  (6026,1050)  (6048,1098)  (6049,1194)  (6066,1242)  (6066,1290)  (6066,1338)  (6070,1146)  (6074,1050)  (6096,1098)  (6097,1194)  (6114,1242)  (6114,1290)  (6114,1338)  (6118,1146)  (6122,1050)  | overflowToLeft=false
58 Sea Zone  (4074,2887)  (4026,2934)  (4026,2886)  (4121,2935)  (4074,2839)  (4122,2839)  (4122,2887)  (4024,2838)  (4073,2982)  (4025,2982)  (3978,2934)  (3978,2886)  (4169,2935)  (4169,2983)  (4121,2983)  (3977,2983)  (4170,2800)  (4170,2848)  (3976,2838)  (3930,2935)  (3930,2887)  (4217,2896)  (4217,2944)  (4217,2992)  (3929,3002)  (4218,2800)  (4218,2848)  (3928,2839)  (4265,2896)  (4265,2944)  (4265,2992)  (4266,2800)  (4266,2848)  | overflowToLeft=false
87 Sea Zone  (1512,1910)  (1464,1957)  (1464,1909)  (1559,1958)  (1512,1862)  (1560,1862)  (1462,1861)  (1511,2005)  (1463,2005)  (1582,2006)  (1510,1814)  (1558,1814)  (1449,1813)  (1534,2053)  (1486,2053)  (1595,2054)  (1497,1766)  (1545,1766)  (1449,1765)  (1593,1749)  | overflowToLeft=false
102 Sea Zone  (1008,987)  (960,1034)  (960,986)  (1055,1035)  (1008,939)  (1056,939)  (1056,987)  (958,938)  (1007,1082)  (959,1082)  (912,1034)  (912,986)  (1103,1035)  (1103,1083)  (1055,1083)  (911,1083)  (1006,891)  (1054,891)  (1102,891)  (1104,939)  (1104,987)  (910,938)  (910,890)  (958,890)  (1150,845)  (1007,1130)  (959,1130)  (864,1035)  (864,987)  (1151,1035)  (1151,1083)  (1151,1131)  (1103,1131)  (1055,1131)  (911,1131)  (863,1131)  (863,1083)  (1006,843)  (1054,843)  (1102,843)  (1152,893)  (1152,941)  (862,939)  (862,891)  (862,843)  (910,842)  (958,842)  (1150,797)  (1007,1178)  (959,1178)  (1169,1179)  (1121,1179)  (1073,1179)  (911,1179)  | overflowToLeft=false
Ontario  (345,515)  (385,466)  (430,424)  (473,383)  (477,427)  (525,454)  (558,474)  (558,523)  (510,533)  (461,533)  (513,577)  (561,573)  (551,622)  | overflowToLeft=false
Ethiopia  (2839,2289)  (2886,2285)  (2933,2285)  (2982,2259)  (2987,2211)  (2982,2160)  (2934,2144)  (2885,2146)  (2837,2178)  (2801,2226)  (2786,2275)  (2738,2286)  (2788,2323)  (2895,2330)  (2938,2333)  (2986,2305)  (2988,2347)  (3037,2304)  (3028,2157)  | overflowToLeft=false
New Hebrides  (6298,2691)  (6389,2711)  (6398,2750)  | overflowToLeft=false
Himalayas  (3880,1611)  (3930,1631)  (3977,1648)  (3970,1694)  (4020,1714)  (4067,1755)  (4111,1768)  (4163,1780)  (4207,1755)  (4254,1739)  | overflowToLeft=false
61 Sea Zone  (5595,3076)  (5547,3123)  (5547,3075)  (5642,3124)  (5595,3028)  (5643,3028)  (5643,3076)  (5545,3027)  (5499,3164)  (5499,3116)  (5690,3124)  (5593,2980)  (5691,3029)  (5497,3068)  (5738,3077)  (5738,3125)  | overflowToLeft=false
Egypt  (2844,1675)  (2887,1671)  (2927,1664)  (2847,1723)  (2857,1769)  (2863,1817)  (2858,1867)  (2906,1875)  (2952,1865)  | overflowToLeft=false
Sakha  (5143,138)  (5144,185)  (5189,221)  (5240,219)  (5287,211)  (5294,162)  (5294,112)  (5292,58)  (5244,56)  (5193,58)  (5146,84)  (5144,34)  (5191,8)  (5240,7)  (5290,7)  (5341,5)  (5393,4)  (5339,54)  (5391,51)  (5344,104)  (5393,101)  (5269,264)  (5219,266)  (5167,266)  (5109,234)  (5111,283)  (5157,318)  (5206,316)  (5184,365)  (5343,155)  (5390,153)  | overflowToLeft=false
52 Sea Zone  (7316,2964)  (7268,3011)  (7268,2963)  (7363,3012)  (7316,2916)  (7364,2916)  (7364,2964)  (7266,2915)  (7315,3059)  (7267,3059)  (7220,3011)  (7220,2963)  (7411,3012)  (7411,3060)  (7363,3060)  (7219,3060)  (7314,2868)  (7362,2868)  (7410,2868)  (7412,2916)  (7412,2964)  (7218,2915)  (7218,2867)  (7266,2867)  (7458,2822)  (7315,3107)  (7267,3107)  (7172,3012)  (7172,2964)  (7459,3012)  (7459,3060)  (7459,3108)  (7411,3108)  (7363,3108)  (7219,3108)  (7171,3108)  (7171,3060)  (7314,2820)  (7362,2820)  (7410,2820)  (7460,2870)  (7460,2918)  (7170,2916)  (7170,2868)  (7170,2820)  (7218,2819)  (7266,2819)  (7458,2774)  (7506,2774)  (7506,2822)  (7315,3155)  (7267,3155)  (7124,3012)  (7124,2964)  | overflowToLeft=false
Bolivia  (777,2206)  (825,2203)  (871,2190)  (889,2144)  (890,2100)  (770,2157)  (783,2108)  (824,2159)  (834,2050)  (883,2053)  (850,2005)  | overflowToLeft=false
Malta  (2348,1545)  | overflowToLeft=false
Wake Island  (6258,1533)  (6284,1508)  | overflowToLeft=false
Timguska  (3942,566)  (3992,564)  (4040,560)  (4089,561)  (3946,459)  (3994,450)  (4031,439)  (4032,391)  (3985,400)  (3939,403)  (3938,355)  (3987,350)  (3945,614)  (3993,611)  (4043,611)  (3945,663)  (3992,660)  (4042,661)  (3948,712)  (3995,709)  (4042,708)  (3975,758)  (3957,307)  | overflowToLeft=false
Saudi Arabia  (3043,1783)  (3090,1770)  (3136,1756)  (3091,1822)  (3143,1803)  (3147,2180)  (3191,2153)  (3232,2122)  (3274,2095)  (3316,2061)  (3366,2035)  (3409,2011)  (3452,1988)  (3495,1955)  (3411,1950)  (3375,1909)  (3328,1879)  (3322,1929)  (3361,1957)  (3313,1985)  (3266,2030)  (3222,2059)  (3178,2100)  (3172,2046)  (3122,2069)  (3131,2124)  (3119,2023)  (3101,1972)  (3087,1924)  (3090,1873)  (3142,1853)  (3194,1810)  (3239,1808)  (3285,1808)  (3196,1856)  (3247,1855)  (3140,1902)  (3143,1961)  (3493,1917)  | overflowToLeft=false
27 Sea Zone  (7209,1607)  (7161,1654)  (7161,1606)  (7256,1655)  (7209,1559)  (7257,1559)  (7257,1607)  (7159,1558)  (7208,1702)  (7160,1702)  (7113,1654)  (7113,1606)  (7304,1655)  (7304,1703)  (7256,1703)  (7112,1703)  (7207,1511)  (7255,1511)  (7303,1511)  (7305,1559)  (7305,1607)  (7111,1558)  (7111,1510)  (7159,1510)  (7208,1750)  (7160,1750)  (7336,1751)  (7288,1751)  (7112,1751)  (7207,1463)  (7255,1463)  (7303,1463)  (7106,1462)  (7154,1462)  (7240,1798)  (7192,1798)  (7336,1799)  (7288,1799)  (7144,1799)  | overflowToLeft=false
Pakistan  (3705,1872)  (3756,1883)  (3700,1923)  (3752,1937)  (3790,1766)  (3837,1765)  (3813,1717)  (3863,1715)  (3866,1672)  | overflowToLeft=false
33 Sea Zone  (5861,1827)  (5861,1875)  (5861,1923)  (5861,2008)  (5861,2056)  (5861,2104)  (5861,2152)  (5909,1827)  (5909,1875)  (5909,1923)  (5909,2057)  (5909,2105)  (5909,2153)  (5925,1971)  (5957,1827)  (5957,1875)  (5957,1923)  (5957,2057)  (5957,2105)  (5957,2153)  (5973,1971)  (6005,1827)  (6005,1875)  (6005,1923)  (6005,2076)  (6005,2124)  (6005,2172)  (6021,1999)  (6053,1827)  (6053,1875)  (6053,1923)  (6053,2071)  (6053,2119)  (6053,2167)  (6069,2009)  (6101,1827)  (6101,1875)  (6101,1923)  (6101,2057)  (6101,2105)  (6101,2153)  (6149,1827)  (6149,1875)  (6149,1923)  (6149,2011)  (6149,2059)  (6149,2107)  (6149,2155)  (6197,1925)  (6197,1973)  (6197,2021)  (6197,2069)  (6197,2117)  (6197,2165)  | overflowToLeft=false
Ireland  (1679,491)  (1727,490)  (1775,486)  (1772,375)  (1793,419)  (1809,458)  (1724,398)  (1818,494)  | overflowToLeft=false
Szechwan  (4052,1574)  (4100,1582)  (4146,1588)  (4196,1591)  (4241,1595)  (4243,1546)  (4271,1494)  (4269,1449)  (4221,1449)  (4173,1452)  (4126,1450)  (4137,1402)  (4183,1403)  (4233,1408)  (4055,1622)  (4101,1631)  (4151,1637)  (4200,1639)  (4069,1677)  (4120,1681)  (4170,1681)  (4160,1724)  (4242,1362)  | overflowToLeft=false
Hawaiian Islands  (6719,1360)  (6793,1398)  (6830,1430)  (6865,1470)  (6908,1491)  | overflowToLeft=false
42 Sea Zone  (4584,2668)  (4584,2716)  (4617,2620)  (4632,2668)  (4632,2716)  (4672,2540)  (4680,2628)  (4680,2676)  (4680,2724)  (4720,2497)  (4720,2545)  (4728,2638)  (4728,2686)  (4728,2734)  (4768,2497)  (4768,2545)  (4776,2645)  (4776,2693)  (4776,2741)  (4816,2497)  (4816,2545)  (4824,2650)  (4824,2698)  (4824,2746)  (4864,2497)  (4864,2545)  (4872,2676)  (4872,2724)  (4912,2497)  (4912,2545)  (4920,2675)  (4920,2723)  (4960,2497)  (4960,2545)  (4968,2679)  (4968,2727)  (5008,2489)  (5008,2537)  (5008,2585)  (5016,2654)  (5016,2702)  (5056,2479)  (5056,2527)  (5056,2575)  (5064,2623)  (5064,2671)  (5104,2479)  (5104,2527)  (5104,2575)  (5112,2623)  (5152,2479)  (5152,2527)  (5152,2575)  | overflowToLeft=false
Newfoundland Labrador  (801,288)  (842,328)  (793,334)  (797,412)  (845,409)  (885,370)  (931,366)  (892,409)  (934,410)  (976,408)  | overflowToLeft=false
France  (2022,879)  (2029,927)  (2027,972)  (2021,1017)  (2063,1043)  (2113,1040)  (2157,1024)  (2071,997)  (2113,987)  (2161,976)  (2076,940)  (2126,937)  (2177,927)  (2215,923)  (2215,878)  (2163,880)  (2159,831)  (2207,827)  (2157,786)  | overflowToLeft=false
Serbia  (2641,1065)  (2636,1114)  (2642,1161)  (2692,1182)  (2708,1129)  | overflowToLeft=false
36 Sea Zone  (4677,1959)  (4711,1911)  (4730,2002)  (4731,2234)  (4756,2050)  (4759,1894)  (4763,2179)  (4764,2098)  (4789,2002)  (4804,2050)  (4807,1853)  (4807,1901)  (4811,2146)  (4812,2098)  (4837,1949)  (4837,1997)  (4852,2045)  (4855,1853)  (4855,1901)  (4860,2093)  (4885,1949)  (4885,1997)  (4900,2045)  (4903,1853)  (4903,1901)  (4908,2093)  (4933,1949)  (4933,1997)  (4948,2045)  (4951,1853)  (4951,1901)  (4956,2093)  (4981,1949)  (4981,1997)  (4996,2045)  (4999,1853)  (4999,1901)  (5004,2093)  (5029,1949)  (5029,1997)  (5044,2045)  | overflowToLeft=false
Novgorod  (2921,443)  (2968,469)  (2968,420)  (3016,414)  (3064,383)  (3055,333)  (3023,285)  (2977,282)  (2893,337)  (2975,232)  (2927,288)  (3021,235)  (2983,186)  | overflowToLeft=false
80 Sea Zone  (3498,2179)  (3450,2226)  (3450,2178)  (3545,2227)  (3498,2131)  (3546,2131)  (3546,2179)  (3448,2130)  (3497,2274)  (3449,2274)  (3402,2226)  (3402,2178)  (3593,2227)  (3593,2275)  (3545,2275)  (3401,2275)  (3496,2083)  (3544,2083)  (3592,2083)  (3594,2131)  (3594,2179)  (3400,2130)  (3400,2082)  (3448,2082)  (3497,2322)  (3449,2322)  (3630,2323)  (3582,2323)  (3401,2323)  (3496,2035)  (3544,2035)  (3592,2035)  (3544,1987)  (3592,1987)  (3380,1853)  (3348,1805)  | overflowToLeft=false
111 Sea Zone  (2109,344)  (2061,391)  (2061,343)  (2156,392)  (2109,296)  (2157,296)  (2157,344)  (2108,439)  (2165,440)  (2092,248)  (2140,248)  (2079,200)  (2127,200)  (2016,164)  (2064,152)  (2112,152)  | overflowToLeft=false
Niger  (2209,1992)  (2260,1996)  (2229,2041)  (2183,2040)  (2134,2041)  (2086,2053)  (2108,2000)  (2156,1992)  (2111,1948)  (2164,1942)  (2186,1899)  (2234,1871)  (2281,1860)  (2331,1857)  (2334,1905)  (2307,1954)  (2351,1948)  (2383,1901)  (2417,1858)  | overflowToLeft=false
74 Sea Zone  (3800,3091)  (3752,3138)  (3752,3090)  (3847,3139)  (3848,3050)  (3704,3164)  (3704,3116)  (3704,3068)  | overflowToLeft=false
105 Sea Zone  (1831,977)  (1783,1024)  (1783,976)  (1869,1025)  (1831,929)  (1879,929)  (1783,928)  (1821,1072)  (1831,881)  (1879,881)  (1783,880)  (1831,833)  | overflowToLeft=false
Burma  (4134,1948)  (4176,1966)  (4217,1962)  (4256,1914)  (4157,1851)  (4204,1840)  (4256,1816)  (4255,1863)  (4305,1843)  (4305,1795)  (4130,1995)  (4169,2014)  (4216,2013)  (4166,2061)  (4350,1785)  | overflowToLeft=false
Pripet Marshes  (3005,703)  (3052,701)  (3099,701)  | overflowToLeft=false
Evenkiyskiy  (4073,231)  (4122,227)  (4169,228)  (4042,108)  (4091,109)  (4145,108)  (4194,105)  (4214,55)  (4164,55)  (4117,55)  (4070,57)  (4053,7)  (4098,7)  (4145,6)  (4196,5)  (4064,282)  (4114,279)  (4165,275)  (4068,331)  (4121,327)  (4171,322)  (4126,376)  | overflowToLeft=false
14 Sea Zone  (6882,758)  (6834,805)  (6834,757)  (6929,806)  (6882,710)  (6930,710)  (6930,758)  (6832,709)  (6881,853)  (6833,853)  (6786,805)  (6786,757)  (6977,806)  (6977,854)  (6929,854)  (6785,854)  (6880,662)  (6928,662)  (6976,662)  (6978,710)  (6978,758)  (6784,709)  (6784,661)  (6832,661)  (6881,901)  (6833,901)  (6998,902)  (6950,902)  (6785,902)  (6880,614)  (6928,614)  (6976,614)  (6784,613)  (6832,613)  (6902,949)  (6854,949)  (6998,950)  (6950,950)  (6806,950)  | overflowToLeft=false
Nova Scotia  (776,551)  (824,530)  (826,576)  (860,619)  (950,579)  (984,527)  (991,475)  (1033,524)  (1077,551)  | overflowToLeft=false
Norway  (2429,243)  (2475,253)  (2381,276)  (2425,293)  (2375,323)  (2336,367)  (2385,370)  (2346,415)  (2514,154)  (2559,131)  (2559,86)  (2605,44)  (2607,92)  (2657,69)  (2657,22)  | overflowToLeft=false
Amur  (5354,497)  (5402,499)  (5446,501)  (5495,463)  (5494,414)  (5445,377)  (5394,378)  (5344,377)  (5297,394)  (5248,399)  (5200,419)  (5150,426)  (5102,445)  (5051,464)  (5100,493)  (5148,477)  (5195,469)  (5239,506)  (5295,519)  (5496,515)  (5544,512)  (5573,558)  (5593,509)  (5631,463)  (5659,413)  (5683,359)  (5679,310)  (5630,272)  (5581,255)  (5533,254)  (5487,251)  (5432,246)  (5384,242)  (5343,249)  (5329,290)  (5379,297)  (5428,298)  (5475,301)  (5525,301)  (5578,303)  (5628,321)  (5616,369)  (5566,349)  (5565,397)  (5564,448)  (5610,415)  (5517,346)  (5300,340)  (5704,404)  | overflowToLeft=false
Botswana  (2636,2954)  (2682,2953)  (2724,2953)  (2668,2835)  (2622,2830)  (2575,2850)  (2606,2900)  (2645,3004)  (2691,3001)  (2774,2964)  (2717,2833)  (2763,2831)  (2736,2782)  | overflowToLeft=false
20 Sea Zone  (4849,1804)  (4871,1756)  (4897,1804)  (4919,1729)  (4945,1777)  (4948,1659)  (4967,1611)  (4967,1707)  (4993,1755)  (4993,1803)  (4996,1659)  (4997,1556)  (5009,1491)  (5015,1707)  (5041,1755)  (5041,1803)  (5044,1655)  (5057,1481)  (5063,1703)  (5089,1751)  (5092,1614)  (5096,1529)  (5105,1481)  (5111,1662)  (5137,1710)  (5137,1758)  (5140,1577)  (5144,1529)  (5153,1481)  (5159,1625)  (5185,1673)  (5185,1721)  (5185,1769)  (5188,1577)  (5192,1529)  (5201,1481)  (5207,1625)  (5233,1673)  (5233,1721)  (5233,1769)  (5236,1577)  (5240,1529)  (5249,1481)  (5255,1625)  (5281,1673)  (5281,1721)  (5281,1769)  (5284,1577)  (5288,1529)  (5297,1481)  (5303,1625)  | overflowToLeft=false
Denmark  (2344,565)  (2393,567)  (2401,519)  (2386,474)  | overflowToLeft=false
55 Sea Zone  (5511,2591)  (5463,2603)  (5415,2625)  | overflowToLeft=false
Mexico  (7480,797)  (7529,798)  (7576,797)  (7628,795)  (7489,851)  (7508,898)  (7530,949)  (7596,916)  (7647,917)  (7621,965)  (7645,1012)  (7659,1060)  | overflowToLeft=false
Suriname  (923,1651)  (904,1690)  (912,1728)  (964,1733)  (1000,1690)  | overflowToLeft=false
Greenland  (797,0)  (844,1)  (891,0)  (939,1)  (986,0)  (797,47)  (843,48)  (891,48)  (939,47)  (986,48)  (845,91)  (892,91)  (940,90)  (983,88)  (910,137)  (958,137)  | overflowToLeft=false
49 Sea Zone  (6094,2483)  (6094,2531)  (6142,2515)  (6159,2429)  (6190,2532)  (6207,2429)  (6217,2477)  (6238,2525)  (6255,2388)  (6265,2436)  (6286,2484)  (6286,2532)  (6303,2340)  (6303,2388)  (6313,2436)  (6334,2484)  (6334,2532)  (6351,2318)  (6351,2366)  (6361,2414)  (6382,2462)  (6382,2510)  (6399,2318)  (6399,2366)  (6409,2414)  (6430,2462)  (6430,2510)  (6447,2318)  (6447,2366)  (6457,2414)  (6478,2462)  (6478,2510)  (6495,2318)  (6495,2366)  (6505,2414)  (6526,2462)  (6526,2510)  (6543,2318)  (6543,2366)  (6553,2414)  (6574,2462)  (6574,2510)  (6591,2318)  (6591,2366)  (6601,2414)  (6622,2462)  (6622,2510)  (6639,2318)  (6639,2366)  (6648,2225)  (6649,2414)  | overflowToLeft=false